-0.0020,1.3786,-1.4390,0.7623,-1.0827
0.7196,0.3687,-0.7019,1.1568,0.5004
0.1243,0.6222,0.3371,0.0759,1.0670
-0.6896,0.3953,0.4347,0.9969,0.2056
-0.3701,0.5158,0.7899,1.4085,1.2937
-0.1436,-0.5688,-0.5963,0.7245,-0.8949
-0.3486,-1.7627,-1.0285,0.6739,-0.5218
-1.1011,1.0804,0.0382,1.0999,-0.0701
0.1550,0.3503,-0.6040,-0.6171,-0.3421
-0.3930,-1.0176,-0.8099,-0.7771,0.5114
-0.3999,0.6241,0.1738,-0.2817,1.5780
0.0411,1.0246,-0.5440,-0.9194,-0.2865
2.2684,-1.0279,0.6365,1.0284,0.5375
1.3101,0.3050,-0.3368,-1.2819,-0.2024
-0.7215,-0.7026,-0.5195,-0.3686,-0.9498
0.2308,0.7066,0.5070,-1.0397,0.5124
0.1402,-0.4324,0.1796,0.0251,-0.5185
0.7812,-0.7492,-0.1151,-0.5474,0.7393
-1.3821,0.1165,0.3287,-1.0435,0.1844
-0.9531,-1.1087,1.1002,-0.9621,-0.0472
1.2456,0.7409,1.0217,-1.4967,0.3399
1.0354,-1.2464,-0.8825,-0.6097,-1.6597
1.6004,-0.5544,-0.1597,0.1106,-0.0909
2.0202,-0.0626,1.7287,-0.0528,-0.0171
-0.7279,0.1780,1.4067,-1.5366,-0.2172
-1.1001,-1.2226,0.3745,-0.4951,0.8354
-0.8530,0.1729,1.7482,1.1933,0.3943
0.0869,-0.5458,-1.0173,0.3146,-1.2538
1.0707,-0.5157,-0.7213,0.1865,-0.1078
-0.3764,0.1158,-0.2888,0.2253,-0.1673
-0.9155,-0.1175,0.1922,-0.5304,1.4681
1.0279,0.9195,0.0770,-0.6318,0.9272
0.8900,0.5487,1.0300,0.1397,0.0291
1.6243,0.5576,-0.1077,-0.6631,-0.8368
-0.0200,0.4014,-0.4246,0.3142,0.3156
0.0584,-0.2792,-0.3586,-0.2066,-1.7386
-1.9034,0.7113,-1.7538,-0.4005,0.4533
-0.4962,-0.5023,1.0836,-0.6093,1.8240
0.6348,1.4192,0.8612,0.0174,0.5631
1.7255,-0.5770,0.1909,0.3453,0.9410
0.5951,-0.5376,-0.1433,-0.7080,-0.9794
-1.9258,0.3960,-0.4826,0.1320,-2.1099
-1.5044,0.5940,-0.5705,0.0982,-0.3053
0.0717,0.1631,-0.8712,1.6311,-1.0195
0.8717,1.2825,-0.3397,0.1562,-0.5865
0.1496,-0.2319,-0.6289,0.4995,0.0069
-1.9406,-0.8758,-0.0910,-0.1006,1.1399
-0.7592,-0.3165,1.6070,-0.1779,0.4868
-0.8900,0.1067,-1.0920,0.9181,0.3706
1.7720,-0.5757,-0.7390,0.3697,-0.0580
1.3231,-0.3851,0.2925,-0.6388,-2.1319
0.3213,0.3761,0.3076,-0.5762,0.0623
-0.1394,0.2058,-0.2832,0.2706,0.8956
-2.3074,0.1007,-0.3903,0.7224,0.3394
-0.3579,0.0194,0.6446,-0.1521,0.5767
1.3941,-0.7439,-0.5131,0.0707,-0.2821
0.5926,0.1228,0.5508,-0.7423,-0.5661
0.0467,0.0813,0.6216,0.3855,-0.2227
-0.3246,0.0184,-0.2809,1.5571,-0.0748
1.0159,0.4747,2.0486,0.8506,0.8231
-0.5346,0.4198,-0.5084,0.6133,-0.6528
-1.7190,0.5237,-0.9808,1.1331,-1.9788
0.0894,1.1030,-1.7042,0.8664,-2.2546
-0.1000,-0.2594,-0.9690,0.9698,-1.3463
0.0199,-0.4611,-0.4574,1.7569,-0.1965
-1.6780,-0.2090,0.1321,0.3423,0.1235
-0.9638,-0.1660,-0.2675,0.1885,1.3066
-0.8170,-0.1589,-0.6070,0.1854,-0.6808
1.7422,0.3529,0.1401,-1.7439,0.4164
1.1320,-0.9107,0.6440,-0.9259,-0.7295
0.2946,0.2898,1.6060,-0.0832,0.7744
1.2273,-0.0761,0.6296,-1.1189,1.1561
0.6208,-0.6803,0.2424,1.3342,-0.9731
-1.1439,-0.0050,1.9669,-0.4146,0.2482
-0.0725,1.2998,0.1944,-0.3744,-0.2201
-1.5588,-0.6169,-0.5884,-0.4923,0.9011
-0.1257,0.4637,1.2534,-0.5082,-0.0858
0.0283,0.5539,0.3272,-0.3944,-1.9309
0.4893,0.0433,-1.7810,-1.0703,-0.6180
-0.8412,-0.5062,-1.2002,-0.5264,-0.5311
-0.7390,0.9551,0.3189,-0.2485,-0.2349
0.6582,-0.1988,-0.4103,-1.2755,-1.3703
0.8885,-0.6530,-0.3066,-0.7067,-0.2187
-0.2123,-0.8705,-0.7610,-0.6093,-0.3552
-0.9606,-0.2453,-0.3733,0.3660,0.7264
-0.0343,-0.9468,0.2921,0.0057,0.3754
0.2788,0.2123,-0.6218,1.0310,-0.9547
-0.0884,-0.8315,-0.8037,2.5323,-0.4250
0.2544,-0.8878,-0.1607,0.6299,1.0367
-1.1263,1.5012,0.0679,1.5080,0.7166
-0.3117,-0.1699,-0.2024,1.2124,-0.8336
0.9046,-0.7117,-1.2245,0.8635,-0.0292
-1.3105,-0.1300,-0.6370,-0.9903,0.3236
-1.4200,0.0379,-0.7981,0.0340,-1.2447
0.0926,-0.2737,0.8945,0.5774,0.9317
1.7821,0.6121,0.3493,-0.2236,-0.0675
-0.4839,0.0125,-1.4346,-0.0273,-2.2727
-0.2383,0.2438,-1.1166,1.0787,0.0419
-0.7253,0.7044,0.0934,-0.4280,-1.3001
-0.2405,-0.0741,-1.8378,0.7412,-0.2279
-0.0922,0.0587,1.1316,-0.4472,0.9128
0.5416,0.0932,1.1659,-0.2332,-0.3472
-1.0315,-1.2890,0.3203,1.1785,1.8026
1.1214,0.2579,1.9865,1.2114,1.5281
-0.3696,0.5389,-0.4574,0.6834,-1.1578
0.5484,0.2374,-0.6335,1.1364,1.2611
-0.0011,-1.3645,0.3714,2.0951,-1.2734
-1.8647,0.0785,-0.1735,0.2371,-0.0876
-0.4471,-1.1485,1.1587,0.9032,0.0155
-0.7376,0.6579,0.7299,1.1460,1.2860
0.2396,-0.1649,0.4649,-0.4764,0.3330
1.7121,-1.3325,-0.4110,-1.3367,-0.1782
0.9243,-0.4232,1.8971,0.9986,0.1850
0.9311,0.9052,-0.3262,-0.0016,-0.8314
-0.6890,-0.1074,-2.1573,0.3345,-1.5549
-0.8009,0.9764,0.0651,0.5291,-2.3035
-1.1282,0.4607,-0.5448,-0.3151,-1.0289
0.2988,-0.1534,0.2725,-0.2111,0.6095
-0.0580,0.3973,1.6608,-0.2815,1.0994
0.9028,0.2432,0.4785,0.5231,0.8685
0.4125,-1.4021,-1.1785,1.3043,-0.6694
0.0639,0.1988,0.1595,0.1256,0.4641
-0.7752,-0.1959,0.1256,0.2088,-1.8410
-0.8880,0.3342,-0.8226,1.4498,-0.0296
1.1882,-1.8764,0.0512,0.7209,0.5303
-0.2453,0.7906,-0.1382,0.2851,-1.0694
0.6436,0.4715,-0.3569,0.7611,0.9066
0.7658,-0.3941,1.2810,-0.4357,0.8595
-0.8157,-0.0365,1.5718,-0.8789,0.6724
-0.9073,0.7240,-1.2403,0.5320,-1.6843
0.0357,-0.0532,-1.9057,0.6928,0.1291
1.3354,0.7463,-1.0058,-0.5249,-1.5745
-1.2597,1.2631,-0.7720,-0.0235,0.4340
-0.4468,-0.3959,-0.0600,-0.5029,0.3968
-0.4606,-0.1475,0.4158,0.8648,-0.3590
-0.1610,-0.4008,1.2644,1.5352,0.5042
0.7915,-0.4562,-0.0754,-0.1770,-0.9096
-0.0446,-1.7638,-1.2283,-0.7361,-0.5795
-0.2437,0.6739,2.9177,0.3927,0.8112
-0.5381,-0.0233,0.9879,-0.1168,0.0560
0.4160,0.6503,-0.5935,-0.5670,0.7612
-0.8680,-1.0487,-1.0831,-0.8776,-1.7539
-0.3050,-0.1551,-0.6158,-0.6759,-0.0828
0.3753,0.3472,-0.2089,-0.4751,0.8513
1.0202,1.2640,1.3251,-0.3305,0.9671
-0.6729,-1.3422,1.4052,-0.0289,0.2816
-0.5909,-0.1961,1.3659,-0.1272,-0.3152
0.2907,-0.5598,-0.2173,0.7366,-0.0976
0.4368,-0.3240,-1.3741,-0.8984,-0.8134
0.4446,1.8148,-0.7454,-0.8181,0.7145
-1.0864,0.1599,0.5649,0.2772,0.9094
-0.4594,0.0827,2.0031,-0.1923,0.2699
0.3425,-0.4568,0.1569,1.3478,-0.7056
0.6445,-0.9106,-1.3788,-0.0656,-1.1544
-0.0443,0.9694,-0.8202,0.6983,-0.9595
-0.6970,-0.6888,-0.3662,1.0441,0.8423
-0.3339,1.3663,-0.9403,-0.1538,0.1394
-0.1639,-1.2595,-0.4461,0.7615,-0.3880
0.5766,-1.2209,0.6504,-0.3748,0.7358
0.4342,1.4505,-0.5229,0.6635,0.8370
-1.2093,0.4933,0.7386,-1.4972,-1.1337
0.5507,-0.3206,0.4061,-1.2947,1.0757
-0.5444,-0.1916,0.0560,-0.0600,0.8939
0.7881,0.6064,0.2588,-0.0072,-1.3294
0.4008,1.2378,-1.0891,-0.2199,-0.4161
-0.1354,-0.1333,-0.9635,0.4723,0.0526
-1.3386,0.5337,0.9041,0.9435,0.3608
-1.0826,1.1679,-0.7899,0.3325,0.0894
0.1659,0.2070,-1.4098,0.1725,0.5256
-0.7652,0.0317,-0.2574,-0.1948,-1.0760
-1.2992,0.9350,0.4920,-0.2513,0.1083
-0.2961,-0.7311,-0.4270,1.1967,0.7369
0.1795,-1.5317,-0.4864,0.1036,-1.1871
0.2812,0.4257,0.8923,0.2545,1.1223
-0.1461,0.0321,-0.2356,-0.0439,0.5572
0.9283,-0.0201,-0.3028,-1.0107,0.0854
-1.1682,0.2246,-0.8973,0.0063,-0.2001
-0.2373,0.2867,-0.2313,0.4032,0.1786
0.5781,0.8297,0.8584,0.4124,1.4301
0.7084,-0.8794,0.2784,-0.6737,0.0796
0.6946,0.4169,0.5804,-0.2007,0.7409
0.5626,-0.9600,0.9745,-0.3838,1.2354
0.6648,-0.9721,0.5754,-1.2705,-0.6960
0.7674,1.1254,0.1280,-0.4448,-0.4644
0.5456,-0.0048,-0.2934,0.7457,-0.2288
-0.8315,-0.1746,-0.3047,0.3427,-0.5051
-1.4677,0.7814,-0.2731,0.8667,0.5626
0.0041,0.2356,0.4671,-0.1815,-1.1490
-1.8563,-0.3594,-0.8813,0.4037,-0.4194
0.7413,0.4450,-1.0875,0.3486,1.0819
0.3065,0.8146,0.1730,0.1189,-0.7399
-0.5813,0.4692,-0.3879,0.6422,0.1468
0.5410,-0.6163,0.9436,1.1062,-0.5360
-0.5100,-1.4569,-0.1235,-0.6507,0.4479
0.3904,-0.9525,0.7110,-1.2221,1.2041
0.7817,-0.8833,1.2161,0.5776,2.7230
0.1811,-1.4876,1.5537,-0.2021,0.2622
-0.0229,-1.0565,-0.7927,-1.1681,-0.1519
0.8967,-1.4749,0.0244,-0.5298,0.3667
-0.0029,0.8517,0.6273,-0.7887,-1.0345
1.1434,0.7216,-0.7224,0.9596,0.2199
1.5899,-1.0804,-0.3135,0.5085,-0.5570
-2.5912,1.4898,-1.6094,-1.1809,-1.1720
0.8035,-1.1755,1.4875,0.6272,-0.0925
0.3675,0.3932,0.0248,1.1089,0.6800
0.5605,1.8074,-1.7435,-1.6537,-0.1824
-0.2708,0.0541,0.2266,-0.6744,1.7644
-0.1551,0.3519,0.2311,0.1289,0.1866
-0.3143,1.3963,-0.0846,-0.8344,0.3445
-0.0961,0.5429,0.3789,1.6837,-1.8727
0.3931,0.5952,-0.1523,0.7434,-0.1525
-0.1781,-0.1734,-1.3647,-0.5322,0.0321
0.1239,-0.8883,1.0049,-1.1011,0.6238
-0.4689,-0.0640,0.6120,0.3006,2.5821
-1.0530,0.1196,-0.7023,-1.0127,0.0213
-1.1742,-0.6386,-0.2316,1.8332,-2.4833
-1.1161,0.7982,-1.3534,0.6436,-0.3571
1.2919,-1.3404,0.3435,-0.6600,2.7315
-0.7042,-0.2293,1.8468,0.6973,-1.2204
-0.4535,1.8213,-0.0573,-0.2626,0.1036
1.0749,-0.3994,0.3961,0.3119,-0.1501
0.4128,0.5468,0.3491,-0.8244,-1.0075
1.7074,-0.0483,-0.7896,1.1661,0.7103
0.4704,-1.0704,-0.3408,0.8526,-0.1917
-0.0161,1.1113,0.1389,-1.1934,-1.2627
1.2991,0.1144,1.6413,1.6671,-0.1845
-0.7806,-0.5852,-1.7354,-0.5700,-0.9097
0.4452,0.8238,-0.5816,0.8914,0.0176
0.2459,-2.2245,1.7103,0.4478,0.5835
-1.7450,-1.4457,-2.9160,-0.2363,0.6028
-1.2733,0.5111,-0.4255,0.4163,-1.0919
-1.4142,-1.9687,-0.7098,-0.5551,-1.3891
0.4403,-0.1608,-0.8798,-0.2112,0.5202
0.0833,-1.3702,2.1180,0.2127,0.4507
-0.7030,-0.7736,-0.0331,0.4722,0.2300
-0.1063,1.4911,-0.3047,0.2378,0.2014
-0.5196,-0.5249,-0.9461,-0.7772,1.1120
-0.2845,0.3162,1.4378,0.4698,-0.0341
-0.4547,0.5109,1.7762,-0.9457,1.8232
1.3890,0.5284,0.7549,-1.2997,-0.1185
0.0920,1.1007,-0.2130,-0.1137,-1.5798
1.5523,-1.2473,-0.5184,0.0867,-0.3579
0.8772,0.2416,0.9460,0.3225,0.6083
-0.1163,-0.7607,-0.6642,-0.7153,-0.7476
0.3470,-0.0443,0.4143,-1.0169,-0.7273
0.0248,1.6033,-0.9442,0.0875,-0.5913
0.8357,-0.1033,-0.1964,1.2105,-0.8064
0.2834,1.2886,0.3417,-1.1252,-0.9861
-0.1053,1.1236,0.5569,1.2023,-1.1709
0.6256,-0.8588,1.0315,-2.0398,-0.0222
-0.6287,-0.4794,0.3898,-0.7849,-0.2541
-2.0708,0.0883,-0.5034,0.5604,-1.4848
1.0869,-0.4907,-1.4064,-0.9823,1.6620
0.9457,-1.7570,-0.7444,-0.0362,-0.0593
0.2944,-0.5616,0.8546,-0.9742,-2.6144
0.5063,0.1285,0.5817,1.3169,-0.0025
2.2978,-2.2650,0.4991,-0.9650,-1.3714
-2.9479,0.3922,-1.2865,1.2761,-2.1336
1.1396,0.1359,0.9597,0.4317,0.9653
0.1899,-0.6898,-0.4486,-0.5902,0.2535
0.1670,0.8726,0.0208,-0.6699,-0.1452
-1.6982,-0.7405,1.0763,-0.4182,0.0089
0.5884,-1.5379,-0.3438,-0.3873,1.9223
-0.2517,0.1921,-1.6246,0.4938,-1.0624
-0.3812,-0.1570,0.8429,-1.0283,1.1808
0.3401,-0.5296,0.7522,1.3857,0.1319
1.3671,-0.2356,-0.6551,-1.6626,-0.3562
0.4317,0.7891,0.7862,-0.3734,0.3929
-0.3647,-0.3753,1.0216,1.4011,-2.1909
0.0500,0.5209,-0.2869,-1.4458,0.7664
-0.4453,-1.8785,-0.6115,0.2105,-0.6498
0.2119,0.3833,0.7766,0.8078,-0.5334
0.1866,0.7607,-0.0958,0.2233,0.0796
0.4518,-1.0924,-0.3989,-0.6736,0.0949
-0.0121,0.2557,1.5721,1.0175,-1.4527
0.7645,-1.2971,-0.1727,-1.4522,-0.0769
-0.5108,0.7663,-1.3735,0.2425,-1.8311
-1.4718,-0.2191,1.9646,0.5941,0.2340
0.8472,-1.6282,-1.1544,-1.8459,-0.4951
0.2638,0.3023,-0.9402,1.4314,-1.9528
-0.2883,-0.2418,2.0836,-1.8446,0.2093
1.0620,-2.2468,0.5355,3.4819,-0.0985
-1.8289,0.2161,-0.4085,-1.0091,-1.4440
-0.8941,0.6412,-1.2941,1.1842,-0.7706
0.0087,-1.5981,1.2245,-0.9902,1.0400
0.8593,0.2549,-0.2747,-0.8576,0.8686
-0.0470,0.2878,0.2071,1.2339,0.1905
-0.9510,-0.7474,1.4987,-1.6504,0.8045
0.8753,0.9001,-0.0220,0.4861,0.3024
-0.3243,0.5399,1.1295,-0.2290,-0.7955
-0.5533,-0.0303,-0.0449,0.2553,-0.3841
-1.0735,-0.8236,-0.5556,0.2003,0.1945
-1.3979,0.6750,-1.7165,-0.5682,-0.2242
-0.4749,1.1426,0.1380,0.2393,2.4271
1.2528,-1.5673,0.7662,0.2256,1.4079
0.2560,-0.3550,0.9671,-0.0591,0.6370
0.5852,-0.9148,0.7745,0.2285,1.3177
-1.4489,-0.9658,0.9708,-0.8061,-1.8138
-0.8122,0.2008,-1.8575,0.0126,0.3935
0.8214,-0.0318,-0.8140,-0.3850,-0.7389
-0.8890,-0.6135,0.1725,0.7753,0.2992
0.0122,0.2598,-0.1508,1.3324,2.1195
-0.5997,0.4052,0.4488,-0.3102,0.3685
-0.3369,0.5163,0.9092,-0.5287,0.1438
1.7178,-2.2259,1.1890,0.3801,1.5574
-0.5731,-0.0961,0.6156,-0.0877,-0.6474
-0.2025,-0.0822,-0.8504,-0.3425,-0.8598
-0.7960,-0.4881,0.2603,0.7776,-0.8983
-0.1699,0.1716,-1.4987,-1.5062,0.1175
0.8722,-0.5934,0.2846,-0.3488,0.2095
-1.8136,1.0509,1.2729,1.4268,-1.0512
-0.0895,1.0688,-0.2996,-0.4432,1.5104
0.7916,0.0463,1.7314,-0.8858,-0.1381
-1.6372,1.9597,0.1202,0.0014,-2.0802
-0.7578,-0.4644,-0.7532,0.8712,2.4209
-0.0949,0.7077,-0.8435,-0.1061,1.1693
-1.1714,2.4174,-0.2590,0.4070,-0.3533
-0.1973,-0.9865,-0.4400,-0.5588,1.1899
1.2392,-0.4743,-0.1054,1.0296,0.7605
0.3396,0.3641,0.1733,-2.4923,0.8157
-0.4247,0.0021,0.3498,-1.1947,-0.1042
0.1375,0.6026,-0.2159,1.0803,-0.0771
1.0126,0.3851,-2.1096,-1.4438,0.4627
0.8098,0.5955,-1.1075,0.9974,-1.4562
0.5659,0.6786,1.1170,0.9334,-0.5038
0.6381,-0.1382,-0.7805,-1.9296,0.6420
1.4944,1.7253,0.9476,-0.4845,-0.0964
-0.5591,0.7786,-0.6894,-0.5052,0.6277
-1.2584,1.4206,-1.3277,-0.5250,0.5018
0.3161,0.7938,-0.6851,-0.0629,0.2736
0.6303,0.1457,-0.9373,-0.8243,1.0492
0.8964,0.4888,1.3634,0.3498,-0.7103
0.2453,-0.3273,0.3417,0.1937,0.3720
-0.7693,0.1076,0.2585,-1.1169,-0.1449
0.2117,1.0632,-0.8791,0.2143,-0.6757
0.5481,0.0445,-0.6028,0.4457,0.1377
-0.6240,-0.3156,0.2194,0.4593,0.9106
0.0870,1.0202,-0.3687,-1.4227,1.1847
0.9399,1.5097,-0.9198,-0.0340,0.7290
-0.3916,1.0636,-0.2803,-1.1593,0.2237
0.7586,-0.2181,1.3537,0.7189,0.7761
-1.4275,0.9644,-0.3438,0.3654,-0.0548
0.6408,0.7900,0.0434,-0.3845,0.2652
1.0102,-1.3902,-0.0963,0.5033,-0.9771
-0.5870,0.7008,-0.7664,1.0729,0.3958
1.4264,-1.0699,1.1740,-1.5667,1.4017
0.0915,0.7148,1.0076,0.6428,0.1888
-0.2825,0.2905,0.0622,-0.5993,0.1980
0.3219,-1.4975,-0.2476,-0.2747,-0.2136
-0.3226,1.3982,-0.5064,0.3064,0.0634
1.5683,0.0019,0.2527,0.8591,0.9842
0.9468,-2.0171,-0.9475,0.3934,0.0567
-0.0046,2.5175,1.6743,0.1572,-0.9642
-0.0093,-0.5056,-0.0629,-0.0494,0.6845
-0.2561,-1.4784,-0.5903,-0.0750,-1.9600
-1.4150,1.9814,0.2935,-1.6301,-0.0332
0.7428,-1.3491,0.2786,2.4377,0.8532
0.8969,0.6775,0.2288,-0.4766,0.5706
-1.5023,1.3170,-0.7239,0.3008,0.1378
0.1582,-1.1006,0.3287,-0.1008,-0.6211
-1.7652,0.1021,-1.3176,-1.3726,0.2763
0.3694,1.1200,-0.5385,-0.4129,1.4382
-0.5824,-1.4452,0.4447,1.6492,1.6088
-1.2885,0.3360,-1.2678,-0.3679,-0.1786
0.4011,0.4148,1.1822,-0.0889,-0.1319
1.1573,-0.0070,-0.0309,-0.1577,-0.3064
0.8447,0.2523,-0.0740,-0.0046,1.1248
0.5355,1.2947,-0.8845,0.3368,0.2905
0.0639,0.5347,0.2033,-1.0840,0.2327
1.6590,0.8166,-0.6491,1.1903,-0.6870
1.8484,-0.1271,0.2143,-0.5799,1.1485
-0.1227,0.9573,-0.0048,0.9984,-0.2515
0.9675,-0.1880,-0.5762,-0.5032,-0.7584
-0.1266,1.6768,-0.1940,-0.8281,-1.0830
0.1554,0.0555,0.0528,-0.3786,0.9290
-0.0338,-0.4983,1.0950,0.3578,-1.1749
-0.6895,1.2201,-1.8877,-0.7317,-1.2889
0.1500,0.9522,1.2127,2.3196,-1.5203
0.1750,-1.4004,0.0935,-1.7253,-0.3026
0.3618,-1.1197,-0.9058,1.1935,-0.9127
0.0360,-0.4110,0.4796,-0.7875,-0.9308
0.2054,-0.5083,-0.1630,-0.4735,1.2434
-0.5346,-0.3967,0.3479,0.7411,0.1798
-1.5438,-1.3422,1.3999,0.6299,-0.1798
1.1452,-0.0713,0.1921,0.3701,0.8672
-0.6312,-1.3342,-1.4417,-1.0010,-0.2272
-1.0279,0.1851,-0.5793,-0.5046,-0.6035
-0.4578,-1.0000,-0.0550,0.0134,1.5224
0.9411,0.0166,0.6272,0.1313,1.7694
0.0312,0.8552,1.3690,-0.0233,0.7080
-0.3200,-1.0727,-0.9457,0.4985,0.8874
0.7186,0.0062,0.3598,0.4653,1.1507
-1.9775,1.4489,-0.0295,-0.4177,-0.9142
0.9227,-1.3675,-0.3386,0.6988,0.1005
-1.2031,-0.1510,0.6665,0.4806,0.8519
-0.0050,1.5907,-0.4136,-2.0980,0.6776
-0.2979,0.1243,1.0279,1.6395,1.0224
-0.9422,-0.0790,0.4677,-1.8186,-0.6463
0.6378,0.8632,-1.1761,0.1843,1.6112
-0.1754,-1.6018,-0.2347,0.6238,-0.1233
-0.5996,-1.6419,2.3642,0.3835,-0.6270
0.0693,-1.3003,-1.1762,-2.4313,-1.1346
-1.6164,1.5940,-0.5670,-0.3218,-0.6640
-1.0239,-1.2546,-0.9578,-0.0694,-0.9417
1.2984,-0.6867,-0.9451,-1.6654,0.2901
-1.0117,0.3276,-0.1643,0.8302,-0.2420
-1.0320,-0.9923,1.6900,0.0754,1.0219
1.9282,0.8872,0.2909,0.1791,-0.5628
0.1226,-0.2006,1.0705,-1.8353,0.1046
0.1917,0.4244,0.2964,0.0560,0.5830
0.4523,0.9166,0.3838,-0.0306,0.5659
-0.1899,0.3670,-1.0896,0.0744,0.0055
-0.7549,0.0849,1.5014,1.0330,-0.2784
0.5924,0.0674,-0.5171,-0.9425,0.4951
-2.0287,1.6775,1.2695,-1.2482,0.5093
0.9178,-0.3676,0.9165,2.8885,0.7946
-0.6162,-0.3262,-0.0632,-1.8806,0.6428
-0.0783,0.7768,0.4398,2.1711,0.5155
0.6100,1.2285,-1.5909,-0.3651,0.0455
-0.4751,0.7851,0.8174,1.4835,-0.1381
-0.2679,0.7608,-0.4520,-0.1606,-0.8287
0.2684,0.4318,0.0078,0.9542,-1.3389
-0.2854,-0.0337,-1.4234,-2.3460,-1.1548
-0.2169,0.0959,-1.2287,0.2938,0.6737
1.2575,0.3789,-0.6254,-0.9330,0.3680
0.4602,0.0715,1.8158,1.0462,1.8937
-0.4507,1.1040,-0.3436,-1.0011,0.8303
0.1222,-1.0687,0.2729,1.6612,1.2621
-0.4426,0.2221,-0.9574,0.5756,0.6758
-0.6185,0.4017,0.1235,0.3371,1.0218
0.4385,1.3921,-0.1169,-0.4501,-0.9168
-0.3375,-1.0218,-0.1704,1.3312,0.7561
1.0036,-1.2381,-1.2593,-0.5757,-0.6227
-1.2566,-0.6676,-0.2811,-0.2693,-1.4919
-0.1100,-0.4685,-0.1236,-1.1836,-0.1178
-1.3565,-0.5617,-0.3380,-0.5707,-1.3373
-0.7587,-2.2888,-0.9533,-0.2082,-0.3756
-0.3685,1.9185,-0.3962,-0.4313,0.8889
0.0477,1.4568,-0.6579,0.7195,-1.1529
0.9574,-0.5697,-0.2015,-0.7394,-0.8359
0.3600,0.2350,-0.2503,-0.0278,0.0305
0.8203,0.1248,0.1992,2.0079,1.3282
-0.1171,0.3670,0.5189,0.2886,0.2207
-0.2223,-0.3975,-0.1360,0.8544,-0.5609
1.1458,-0.4202,-0.8937,0.5308,0.4559
-0.6966,-0.0543,0.0764,-0.7095,0.1221
0.7326,-0.4600,0.0934,-0.3449,-0.7513
0.3584,0.3675,-0.1006,-1.4719,1.2231
-1.2088,1.3089,-0.9893,0.7089,-1.9115
1.9109,-2.5708,-2.9844,0.0215,-1.9141
1.0133,-0.6939,-2.4106,-1.8323,-0.7788
0.7536,-0.2888,-0.6573,0.0750,-1.6039
0.7089,-1.4308,-0.3025,-2.6149,0.1756
1.0767,0.5943,0.7264,1.4434,1.7794
-1.6564,1.3026,-0.2747,0.5224,-0.7639
-0.9641,1.3549,-0.8095,-0.0410,-0.1432
-0.3118,0.4453,-1.4413,-0.1550,-0.2976
-1.0982,-0.7222,-0.0922,2.5936,-0.1312
-0.4728,-0.1635,0.2043,-0.3570,0.1705
-0.5768,-1.2779,-0.5368,0.5381,0.4523
-0.1674,0.1449,-1.2171,-0.7244,0.8982
-0.2798,0.6106,1.8621,-0.2329,0.5423
-0.9768,0.2156,0.3467,0.2389,-1.1342
-0.1768,-0.4879,-0.9102,0.5500,-0.3822
0.2323,0.3636,-1.1139,-0.6795,-0.7444
-0.6669,-1.2391,-0.9030,0.6813,-1.2799
1.4060,-0.1931,0.7498,-1.1529,-0.8608
-1.2540,-0.3654,-0.9375,0.1110,0.3344
-0.2366,-1.3565,0.6274,-0.2082,-0.0184
0.1525,-0.3018,0.3743,0.4172,0.8831
-0.7573,-0.1031,1.3088,0.1672,0.7781
0.6156,-0.5805,0.1300,-0.0859,-1.1285
-0.3346,-1.1085,-0.4149,-0.1119,-0.4769
-0.6354,-0.1942,-1.0016,-0.7163,-1.6637
-1.9023,0.5238,-0.8037,-0.0519,-1.9219
0.6820,-0.5608,0.3991,0.6686,1.2721
-0.7388,1.0356,0.1920,-1.3404,1.1370
-0.2620,-0.5248,1.4014,3.8283,1.2525
0.0724,-0.0126,0.5419,-0.1540,1.3356
-0.8182,0.6189,0.5986,1.4238,-0.4628
-0.4116,-0.7413,-1.1718,-0.9675,0.2177
-0.4916,1.1076,0.1752,0.8559,0.1037
-0.5614,0.8394,-1.5550,-0.1806,-0.2483
0.4509,-0.0511,0.8445,-0.5432,-0.0195
0.4274,0.3256,-0.0961,0.1265,1.5292
-0.5161,0.4354,2.6711,0.5974,1.1176
0.0846,0.4852,0.0370,1.4757,-1.0730
1.9422,0.9587,-0.1989,-1.4595,-0.6708
0.8353,0.5320,-0.6728,0.0854,-1.2325
1.1416,-0.4247,0.3517,-1.1297,-0.8224
-0.0236,0.6070,-0.3204,-0.9008,0.2832
-0.6982,0.0108,0.0713,0.2162,0.1192
-0.2382,-0.0815,0.5337,0.6776,-0.2864
1.1018,-0.8091,0.1785,-0.3774,0.2151
0.7738,1.3075,0.6950,-0.2340,0.8392
-1.2216,-0.2602,-0.8055,0.3112,-0.4323
-0.1838,-0.1743,-1.3480,-0.2427,0.8171
-0.0149,0.4104,-0.6731,0.9353,0.7285
1.7595,0.4438,-0.5481,-0.7821,-0.3265
-0.0458,0.7996,0.1171,-0.1563,-0.1912
-1.2458,0.3121,0.2326,0.8550,-0.5227
0.3617,-0.4496,1.3848,0.5577,0.9168
1.2820,0.9850,0.0603,0.7809,-0.1385
-0.1473,1.1657,0.2502,-1.0361,0.3873
1.1427,0.2730,2.0587,2.1076,-0.0920
0.6240,-1.0572,-0.0943,-0.0898,0.1463
0.5281,0.1615,1.1296,-0.1020,-0.2794
0.4254,1.4275,-2.1218,-1.0128,-0.6929
1.9439,-0.3813,0.6496,-1.8232,1.5594
0.5778,-0.4388,-0.3903,-0.3046,-1.3184
0.1111,0.4108,0.2824,-0.4312,0.5024
0.1132,0.3433,0.0406,0.4757,-0.0373
0.7403,1.2684,-1.4622,-0.1305,-1.7124
0.6706,-1.5807,-0.6405,-0.3045,-1.1928
0.6796,-1.3083,-0.2551,0.3039,0.3947
-0.0014,0.1106,0.6294,-0.1176,0.0203
-0.8873,-0.7077,-0.2776,-0.9491,0.7092
0.1401,-0.3719,0.7071,0.1587,0.3259
-0.7234,-0.1938,1.1005,0.6189,1.7338
0.3237,-0.8562,0.1528,0.3910,-0.9922
0.2754,-1.0554,-2.0205,-0.6963,-0.7876
-1.5744,-0.9794,-0.2970,-0.6653,-0.4228
-1.9580,0.0632,-2.5802,-1.3889,-0.8538
-0.2655,-1.5724,0.7825,0.5441,1.6077
-0.7989,0.3215,0.2140,-0.9248,-0.9722
0.1390,0.1261,-1.2863,-0.1543,-0.9359
-0.0072,-1.4031,-0.8900,-1.3439,0.3732
0.4350,-1.2733,-0.0022,0.7704,0.4888
0.2306,0.1064,0.0018,-1.2757,1.6873
-0.5771,1.0888,0.6744,0.8945,1.7784
-0.6410,1.7015,1.8084,1.0578,-1.2799
0.9715,0.9704,-0.9828,-1.3670,0.1044
0.8286,1.3538,-0.6020,1.2794,-0.3112
0.6601,0.2329,-0.5502,-0.4730,-1.2645
-0.1502,-0.5520,0.4877,0.7420,1.4633
0.2965,-0.1021,0.2347,0.8275,-0.5779
-1.8966,-1.3897,1.5986,0.3319,0.7429
0.1759,0.0093,-1.2093,-0.9244,-0.0084
-1.6515,1.1397,-0.2696,-0.5697,0.6759
-0.1346,0.1044,-0.0496,1.3370,0.9274
0.2204,-0.6058,1.2621,0.0494,0.6449
-0.1223,2.0069,0.4408,0.3069,0.8246
1.1929,1.5121,-1.1775,0.4095,1.0651
1.3114,0.4061,2.0142,0.7710,1.6372
2.3949,-0.0798,1.9829,0.5694,0.6583
-0.7068,-1.6383,1.3518,1.9745,1.7921
0.0279,0.5713,0.1323,-0.6558,-0.0904
0.7037,-0.1045,-1.2953,-1.0198,-0.8260
0.9204,0.4964,0.8170,-1.8519,1.3389
-0.4720,1.4652,-0.0204,0.8843,-0.1439
-0.1193,0.3197,-0.0135,-0.3134,-0.0265
0.4195,0.8321,0.3686,0.8992,-0.2982
-0.7718,-0.4649,-0.3799,-0.1879,-0.9109
1.7623,-0.7704,-1.5423,-0.4946,-0.3507
0.7648,0.4228,1.5762,-0.4465,0.6427
0.2375,-0.4788,0.3393,0.2654,-0.5239
-0.1166,-0.4128,0.5931,0.2282,1.3485
-0.6416,0.9824,1.2921,0.4402,0.2782
-0.2067,0.3938,-0.7314,0.1669,-0.8020
-0.5810,-0.0901,-1.3584,0.0759,-2.4635
0.1991,-1.4341,-1.8679,-1.3387,-1.5458
-0.3738,-1.0074,-1.4739,-1.1052,0.8115
-0.4857,0.0924,-0.5610,0.6002,0.4741
-0.2134,0.4465,1.0782,-0.8963,1.1921
-0.5535,1.2862,1.5040,0.9587,-0.1241
0.7342,0.6765,-0.2892,-0.9429,-0.0741
0.2689,0.4500,-1.7564,0.8798,-0.0222
0.9650,-0.9148,-0.6082,-0.9310,-0.9181
-0.7633,-0.7409,-0.6882,0.0338,-0.0167
-0.7298,-0.0981,0.8527,0.6669,0.6852
-1.0485,0.1110,1.1721,0.8745,0.9234
0.2244,-0.5149,0.2523,-0.0616,-0.1656
0.9418,0.8081,-0.7306,0.7812,-0.8602
-0.4474,-1.3274,0.0522,-0.0183,-1.6811
0.6398,-0.7856,-0.8184,-0.6905,-0.2936
-0.6777,0.3883,1.3167,0.1055,0.5137
-1.1090,0.8903,1.9894,1.3804,-0.3860
-1.2540,0.6211,-0.5276,0.5116,1.6383
0.2368,0.0065,-0.9542,0.9036,0.0007
0.1421,-0.2637,0.5011,-0.8425,-0.0532
-0.5368,-1.2646,0.0193,-1.1569,0.7023
-0.8099,0.1936,2.4890,-0.1341,-0.8583
0.5534,0.1100,0.6185,-0.3843,0.3999
1.6383,0.0730,1.0515,0.7069,0.0156
-0.0869,0.1108,-1.2132,-0.1230,0.4621
0.2755,0.1734,-0.1535,0.7057,0.0695
-0.6225,-0.4365,0.0647,-0.4028,0.3141
1.0528,-1.2941,-0.0973,-1.1638,0.0712
-0.5443,1.3904,-0.0169,-0.3776,0.5737
-0.9651,1.5008,0.3033,0.4399,1.3649
0.3928,0.6562,-0.3779,0.7911,-0.3722
1.2457,0.1975,-0.3111,-0.2264,-1.2219
-0.4012,-0.4985,-1.5976,-1.1588,-2.5829
1.2540,-0.4528,-0.1055,0.1990,-0.8062
-0.1601,-1.2563,0.0361,-1.1178,-1.2051
0.2550,-0.3722,0.1289,-1.4486,0.8792
1.4391,-0.7695,0.2285,0.9221,-0.2045
0.4449,-0.1395,0.3087,-1.7197,0.3545
0.5603,1.2300,1.3969,-0.7764,1.7707
-0.3049,0.4348,0.6186,1.2953,-0.5606
0.1702,-0.9730,0.0341,-0.7164,-0.3899
-0.4896,0.4243,-0.7891,0.0754,-0.4440
-0.2488,-0.1855,0.3711,0.4572,-0.1776
-0.5478,-0.0974,-0.3806,0.0063,-1.4382
-1.3125,-0.2792,-2.5331,-0.2157,-0.8946
-0.7503,-0.8359,0.0246,0.0198,-0.5261
1.4538,1.0884,2.1894,-0.3466,0.9137
1.9273,0.2583,1.5814,0.9396,1.4390
-1.0403,0.7981,0.9119,-0.0435,0.1317
-0.9739,-0.1823,-0.6479,1.1165,-0.5896
-0.2855,0.1855,-0.8485,0.9239,-0.5469
-0.6971,1.4989,-0.6556,-0.0105,-0.6412
-0.8844,1.9799,0.0608,-0.5124,-1.3910
-1.1845,1.3513,-0.0344,0.6127,-0.0220
-1.1275,-0.8233,-1.0341,-0.3048,0.1479
-1.5545,0.1096,0.1563,0.2936,-0.0462
-0.9636,1.2483,-0.2894,0.2029,2.3877
1.2285,0.2032,0.7345,-0.3797,0.9809
0.7755,1.6311,-0.7348,0.0863,-1.3189
1.0380,0.7522,-0.1855,-0.0503,-0.0841
-0.7609,0.2837,1.1502,0.3872,-1.6267
-1.1346,-0.4391,-1.0768,-0.0182,-0.8189
-0.9511,-1.3612,-1.7469,-0.2247,0.0734
0.4721,1.0135,0.9779,-0.4044,1.2266
1.9089,1.6864,1.0619,-0.7935,1.1575
0.7733,0.2161,-0.7589,-0.3675,-0.6720
-0.2719,-0.2094,0.2545,0.2838,0.1698
-0.9193,-0.2951,0.4584,0.9011,-1.8343
0.5627,0.6914,-0.2959,-0.5705,0.4328
1.0796,0.4493,-0.1699,-0.6718,1.1483
-0.9374,-0.7296,0.6434,0.9410,-0.0312
0.1599,-1.2225,2.1346,-0.6064,1.2707
-0.0303,-0.5989,-0.1927,-0.4038,-1.3802
0.2630,-1.8738,-1.4197,0.0604,0.8092
1.6439,-0.1013,1.3908,0.5585,0.2912
-0.2939,0.3113,-0.5586,-1.2479,-0.4637
0.1581,-1.1468,0.1820,-0.9681,0.2071
2.0695,0.1514,0.9785,0.0407,1.2803
1.1891,-0.5117,1.6018,-0.9672,-0.0578
-0.8093,-0.5500,1.4134,-0.4790,-0.0506
-1.4386,0.4410,0.0495,-0.5928,1.3992
1.4643,-0.4169,-0.2877,-0.8257,0.4207
0.5595,-0.5993,-0.7927,-0.6862,-0.1848
0.3049,1.2775,-0.4850,0.0272,-0.2731
0.5080,0.5226,-0.4326,-1.5213,-1.9564
-0.3613,-0.6521,-0.2600,-0.5007,0.3767
0.7930,-0.0980,1.6280,-0.5795,-0.2521
-0.7774,-0.1081,-0.4719,-0.1028,0.0755
0.3886,-0.5578,-0.2344,-0.0079,0.3563
-1.3053,0.6799,0.2494,-0.0686,-1.2963
1.0921,-0.0310,-0.4850,-0.1494,-0.7665
-0.0919,-0.1955,-0.8280,-0.1953,-0.5654
-0.5927,0.1680,0.1563,0.7920,0.6655
-0.3096,-0.5501,1.4779,-0.5926,-0.0666
-0.5947,0.2032,-0.7023,-0.3707,1.0861
-0.2325,0.1766,0.0646,0.2077,0.8787
-0.2728,0.0643,0.3703,-0.9113,-0.3252
-0.2525,0.0515,-1.0009,-0.0992,-0.6644
0.8450,-0.0868,0.7325,0.4935,-1.2003
0.1905,-1.2021,-0.1876,0.1621,-0.4821
-0.3428,-0.5056,-0.1322,-1.3174,-1.1190
-0.5430,0.7711,-1.1416,-0.4061,0.4372
0.6159,-0.0951,-0.2687,0.2228,-0.1049
1.2805,-0.0434,0.7245,0.5518,0.6832
-1.1252,1.2635,0.5282,1.5018,0.0766
-0.4752,-0.1391,-0.5452,-0.7558,-0.2482
-1.4385,-1.4200,-2.0143,-0.1177,-1.0520
-0.4586,0.0326,0.9781,0.8286,0.5041
1.0350,0.4700,1.2023,-0.1732,0.7518
0.4697,-1.2058,1.3234,-1.8669,0.5733
0.0427,-0.8816,0.2371,-1.7712,0.0934
-0.0403,0.1992,0.0214,-0.1806,-1.1509
1.9709,0.9679,0.5443,-1.4367,-1.8082
2.4590,1.1809,0.3607,-0.3605,-0.3573
-1.0868,-0.2171,-0.3202,-0.4725,-0.1979
-1.3654,0.2189,0.3940,-0.1266,-0.0618
-1.3712,-0.5365,0.6158,0.0151,1.8432
0.5979,0.0202,0.7539,-0.6805,0.2290
-0.6496,0.7034,-0.6395,0.4489,0.1496
0.9019,-0.1536,0.4208,0.6819,0.3845
-1.0955,-0.0299,-0.0190,-1.4854,-0.6613
-0.3745,-1.4456,-1.9799,-0.5406,-1.0550
0.2531,-0.5331,1.5931,0.3670,0.3409
0.8839,0.1584,1.7729,-0.9748,0.0523
-0.8129,0.1799,-0.1349,-1.3139,0.1238
-0.3537,-0.9478,-1.1205,-0.5255,-0.4109
0.3741,0.1643,0.7774,-0.1738,1.4321
1.2340,0.6202,1.6147,-0.7819,0.1774
0.8984,-0.1439,0.2398,-0.1308,-0.6492
0.2426,-1.0228,-0.0672,-0.7858,0.2170
0.5504,1.1731,-0.7926,-0.9135,-0.1349
0.2239,-0.6877,0.7398,-1.4325,-0.2017
0.3261,-0.9083,0.8689,-1.0864,1.6207
0.0978,0.1635,0.0219,0.1373,0.2361
0.2696,-0.0609,0.4339,0.1829,-0.0245
-0.7673,-0.7634,-0.2744,0.6168,0.3196
-0.2187,0.4150,1.4707,-0.1997,0.3123
0.2766,-0.7595,-0.2143,-0.2258,-0.4215
0.4552,-0.7532,-0.9425,1.0308,-0.7318
0.6516,0.6589,1.2144,-0.0308,-0.7760
-0.7171,0.7441,-0.9548,0.2525,-0.4072
-1.0002,-0.7425,-1.5238,-0.0410,0.2854
0.7492,1.0592,-0.1096,0.0716,-0.2371
0.0073,0.3883,0.9941,-0.2328,-0.2739
0.5314,-0.0075,0.0714,0.3558,0.2681
-0.4002,-0.0551,0.0208,-0.3445,-0.1298
-0.0936,0.3824,0.2945,-0.3000,-0.1249
0.5811,0.2852,0.6153,0.2161,0.8827
0.4140,-1.8769,-0.7971,-0.4324,-0.9689
0.5366,-0.2819,0.5897,-0.2593,0.5022
0.7804,-0.0072,1.8972,-0.8542,-0.8955
0.3175,-0.5283,1.7082,-1.0714,0.0021
-0.1217,-0.7847,0.1676,-0.4288,-0.5075
-0.7866,-0.6937,-1.2329,-0.2125,0.7192
0.4345,0.8047,0.5002,-0.5047,-0.4365
1.2046,0.3651,0.3106,-0.6267,-0.4197
2.0904,-0.1549,0.5820,-0.8108,0.7094
1.2088,-0.0408,1.4206,-0.8975,-0.1082
-0.7876,0.1063,0.8135,-0.6824,-0.1407
-1.5663,-1.8198,-0.7741,0.5332,0.5392
0.3251,-1.1972,0.0146,-0.6589,0.2038
0.4588,0.8814,-1.2969,-1.5222,-0.4688
0.0706,0.1825,1.3855,-1.6858,0.4467
0.4225,-0.2719,1.7763,-0.0801,0.2854
-0.2326,-0.2688,-0.7731,-0.5565,0.9206
1.1627,0.8238,0.7931,-0.6724,-1.0466
-0.4114,-0.2048,0.1760,0.2261,-1.1763
0.8523,-1.6700,0.6621,-0.0306,0.5739
-1.3306,-1.3748,0.8552,0.7953,0.2127
0.2572,-0.0235,0.2912,0.1689,0.7910
0.6579,-0.2325,-0.3186,0.7896,1.3700
-0.4665,-0.8769,0.9470,-0.0565,0.5050
-0.6577,-0.1378,0.7473,-0.2775,-1.0642
-0.2927,-0.4154,-0.2578,-0.1571,0.6749
1.5197,-0.0975,0.7842,-0.5867,0.6110
-0.2384,-0.1393,1.8392,0.5111,0.1469
-0.3465,-1.1497,0.5351,-0.4887,0.8023
-0.4643,-0.8944,-1.2279,-0.7226,0.1844
-0.2524,0.4860,-0.3251,-0.2509,-0.7318
1.2727,0.3155,0.9061,-1.0104,-0.1510
2.1637,-0.1261,1.3564,-1.1626,-0.1422
-1.7422,-1.5219,1.5848,-1.4539,0.1053
0.8901,-0.3157,0.0979,-1.7494,0.2876
-0.6720,-0.1425,-0.1039,-0.4271,-0.6254
0.8464,-0.1376,0.6067,-1.0887,0.0713
-0.2566,0.7087,0.0844,-0.7611,0.5725
0.0107,0.5618,0.7723,-0.3680,-0.7863
-0.5101,-0.4309,-0.7966,-0.9562,-0.0090
1.3733,-0.6976,-0.6015,-0.4060,0.4370
1.0252,0.6755,1.0176,-0.2515,0.3746
1.1472,-0.1611,1.9602,0.1860,0.0433
1.3033,-0.3777,0.0245,-1.1324,-0.0760
-0.0997,-1.1281,0.3254,0.2073,-0.1016
0.1219,-0.2919,1.7214,-0.1080,-0.5057
1.0420,-0.3052,0.4214,-0.4454,0.5217
-0.8582,0.6491,0.5166,0.6008,0.1979
-0.9882,0.5653,-0.7370,-0.0536,0.0912
0.2972,-0.3933,-0.6031,0.8884,0.2854
-0.2797,-0.0867,-0.8317,0.8929,-0.7534
-2.0826,-0.4403,-0.9367,-0.2823,0.7536
-0.5074,-0.0933,0.9893,-0.0823,0.5305
-0.3919,-0.4014,1.3420,0.2447,-0.9674
0.9092,-0.8641,-0.2954,-0.5265,-1.4247
-0.8864,-0.5716,0.5196,-0.1391,-0.7159
-0.3642,0.2610,0.8279,0.5620,0.2505
-1.3424,0.6042,-1.0290,-0.4348,-0.0052
-0.2396,-1.1323,-0.7358,-1.2777,-0.7215
-0.3765,1.3063,0.1279,-0.0194,0.4799
-0.3929,-0.2609,0.3185,-0.1917,1.1358
-0.1922,0.0393,-0.4284,-0.1807,-0.9955
-0.4845,0.6187,-0.5017,-0.1499,1.0649
0.8344,0.0404,1.0642,-0.4406,-0.8602
-0.9026,-0.4342,-0.1133,0.5793,-2.4512
-1.3275,1.1142,-1.1605,0.6555,0.0996
0.2432,0.1912,-1.1335,-0.9031,-0.5318
0.4153,-0.5165,-0.9458,-0.0977,-0.6431
-0.7186,0.4900,2.4033,-0.0523,1.1532
1.2384,0.1532,0.5303,-0.0658,-0.2337
-1.0540,-0.0965,-1.5653,-0.1325,0.4079
0.9654,-0.5719,1.0752,0.0879,-1.2889
-0.7697,0.8947,0.5565,-0.9770,-0.2607
-0.2246,-0.4267,-1.5850,-1.3224,-1.1115
-1.0964,-0.9987,-1.6014,-0.6628,0.0940
-1.0098,-0.6311,1.5098,-0.4563,-0.4790
1.2477,0.4565,0.2791,-0.4489,0.8935
0.5470,-1.5863,0.6977,-0.4104,0.0917
1.1829,0.2220,-0.0158,-0.4714,1.6899
-0.2549,-0.9757,0.0949,0.2350,0.9067
-0.6509,0.3738,2.4777,-0.8842,1.1301
2.0484,-0.4256,1.3505,-0.5896,-0.6821
1.5500,-0.8380,-1.1488,0.3861,0.0427
0.1992,0.8459,0.8395,-0.8389,-0.9403
0.0027,0.7626,0.4715,-0.0021,-0.6859
-0.8548,-0.6171,-1.5619,0.3461,-0.0130
-0.5894,-0.4071,-0.4009,-0.1089,-0.3082
0.9283,-0.0881,-0.1695,-0.8224,1.3570
0.8589,0.0455,1.0294,-0.9403,0.4751
0.7184,-1.1349,1.9701,0.1591,-0.6834
0.0251,0.1748,-0.6596,-1.7255,1.3221
0.0645,-0.4791,-0.1367,-0.4056,0.7706
-0.9293,-0.7638,-0.5549,-0.2924,-1.5567
0.5614,1.1209,0.3405,-0.7469,0.9367
-0.8052,-0.5033,0.7523,0.9094,0.3134
-0.5856,-0.6993,1.9680,-0.8481,1.8664
-0.9312,1.8773,0.0530,1.2237,0.8576
-0.0305,1.2825,-0.2225,-0.3410,-1.0211
-0.2908,-1.1043,0.8235,0.0813,0.0690
-0.5782,1.0785,-0.9028,2.4269,-0.8874
0.2325,-0.2638,0.8106,0.1568,1.5201
0.4732,-1.7830,1.3671,0.3150,-0.6434
1.1936,1.4078,0.9874,-0.0630,0.2144
0.1689,-1.7686,-0.2925,-1.8023,0.4616
-0.8126,0.1883,-0.4091,1.0039,-0.8053
-1.0426,1.2241,-0.2488,-1.0215,1.6281
1.0188,-0.5237,-0.9355,1.8074,-0.2190
0.0088,-0.0474,0.3232,1.5014,-1.2700
0.0112,-0.0613,2.0015,-0.7877,0.2402
0.8038,-0.4042,0.5455,2.2431,0.2880
-0.9975,0.4641,-1.5560,-2.1823,-1.1015
-0.1812,1.4499,0.2653,-0.2840,-1.0288
1.8244,-0.9636,2.1598,1.6335,0.1461
1.1567,0.1300,-1.1824,-3.0365,0.7272
-0.4289,0.8883,-0.6968,2.1436,-0.6436
-0.7737,-0.4923,1.2940,-1.0985,0.4066
0.8208,-0.2852,0.4664,-0.3866,-1.3405
0.6370,0.3254,0.4982,0.7780,-1.9668
-0.7011,0.1104,-1.2087,-1.1538,-0.8875
0.4403,-1.2531,-0.7429,1.5407,-1.9284
0.7114,0.1878,-0.5184,-0.5336,0.8195
1.2756,-2.8360,0.2876,-1.3072,-0.2970
-2.0253,-0.4869,1.4801,1.7403,-1.2885
0.9453,0.1490,-1.2861,-0.2802,0.3194
0.2481,-1.6370,-1.1209,1.7793,-0.6363
-1.5190,-0.1788,0.1865,0.3197,-2.6537
0.4668,-0.9852,2.3266,0.7439,1.9922
2.1202,-0.9757,0.8336,-0.7155,0.4877
-0.0252,-0.1824,-0.3939,-1.1560,-0.9158
-1.2617,-1.5772,0.9303,1.0424,-0.4805
-0.5256,0.0470,-0.5591,0.2685,0.7350
0.0804,-0.3272,-0.9679,0.9038,-0.2814
-0.6505,0.0266,2.1013,0.8244,-0.8809
-0.5613,-0.6148,1.1468,-0.9937,1.2819
0.7857,-1.0028,-0.6887,1.1540,-0.8487
-1.0314,1.1933,-0.0925,-1.5640,0.4283
0.6564,-0.5302,-0.0585,0.6929,0.4422
-0.8194,-0.3016,-0.8706,0.3428,0.1664
0.1949,3.6822,0.5635,-1.9922,0.1090
0.4815,0.0875,-1.5352,1.7042,-0.6556
0.6290,0.6967,-0.7130,-0.0556,0.4878
0.8516,0.0694,0.0355,-0.5334,0.9834
-1.6784,-0.0117,0.5529,1.1903,-0.1938
-0.5682,1.8410,0.0773,-1.6392,1.3847
0.2673,-1.0230,-0.7520,0.9270,0.5317
0.1443,0.8777,-0.4703,-0.1225,-2.1903
0.0773,0.8734,-0.6618,1.1152,1.6859
0.5342,-2.2348,1.1144,0.1268,-0.8825
-0.9793,0.7449,-0.1587,0.6237,-2.2562
0.2705,-1.1170,-0.8692,0.1894,0.4971
0.0959,-1.4908,-0.9307,-0.6485,-1.2842
-0.4684,-0.5577,0.4475,0.0950,1.2297
0.2356,-1.8835,0.7307,-0.6003,0.4329
-0.2406,-0.5379,-0.4940,-1.0323,-0.2026
-0.6587,-0.5813,-1.8644,-0.1520,-0.8483
0.4794,-1.5615,1.5014,0.8176,0.1349
1.3690,0.6101,0.3750,0.0041,-0.4589
-0.4658,0.6947,-0.6889,-0.1478,-0.1509
-1.9129,-1.7767,0.4367,-0.5385,-0.2688
0.6016,1.7740,-0.7444,0.3970,0.1240
0.9079,1.1822,-0.0406,-1.2515,1.6203
-0.9346,0.4431,0.4103,0.5132,-1.0163
-0.3633,1.3368,-0.0478,-0.3019,0.4404
0.5222,0.0599,-0.0801,0.3998,-1.1547
-1.5060,1.5809,1.0788,1.0138,-2.2734
0.5290,-1.3553,0.6764,0.3789,-0.9896
0.3794,-0.7564,-0.3209,0.8903,-0.4245
-0.4654,0.6236,0.7007,-0.5396,-0.1933
0.1572,-1.1094,1.3351,1.2647,0.6336
-0.0829,-1.4823,-1.5684,-1.4255,-0.7702
-0.8945,0.0256,0.2656,0.8566,-0.6062
1.4526,-0.4078,1.0104,0.1672,-0.1707
0.5716,-0.7928,-0.6652,0.7804,0.3334
0.2833,0.9705,1.3779,0.0334,-0.8339
1.0132,-1.4318,-0.2080,0.5048,-0.6372
-0.0067,-0.5462,0.2600,-1.2136,-0.9064
0.7402,-0.3592,0.0682,-0.3713,0.6885
-0.1394,-1.6692,-0.6160,2.3275,-0.6873
-2.3754,-0.0698,-2.1206,1.0000,-0.8625
0.6931,0.1693,-1.2745,-0.0419,0.7251
-0.4530,-0.4455,1.0817,-1.2525,0.7277
0.2840,0.3913,1.5033,-1.3294,0.1041
0.3433,1.3975,1.7480,-0.0539,1.8626
0.0192,-0.4774,-2.6117,-0.5006,-1.0257
-1.5075,1.3349,-1.4113,1.4356,-0.1079
0.6857,0.1652,-0.0226,0.1388,0.0846
0.5931,0.0248,-0.7388,-0.8035,0.4847
0.2508,0.5120,1.4582,0.0809,0.1792
0.0930,-0.1930,1.6460,0.0712,0.0165
1.1890,0.5651,-1.0726,0.2710,1.0597
-0.8824,0.2852,0.9007,-1.3143,-1.7103
-0.0298,0.8719,0.0240,0.8307,-1.1068
1.7604,1.1145,0.5722,0.8079,0.0282
0.5835,-1.4500,0.4149,-0.2412,-0.6621
1.3518,0.5196,-0.6667,0.8114,-0.3345
0.8877,0.3434,0.0741,-0.5464,-0.0904
-0.9182,-0.3983,0.0372,-0.0594,-0.4016
1.0290,-1.4649,-0.9441,-0.0390,-1.3736
-0.5663,0.3647,0.1244,-0.4122,-1.2382
1.6637,-0.4855,0.5922,-0.4977,-0.9660
1.2350,-0.5963,1.0524,0.7708,0.3655
1.5234,0.4247,-0.9634,1.1354,-0.8385
0.5778,-1.2406,-0.1515,1.5273,0.1585
-0.8614,0.1487,-1.4177,-0.9036,0.0351
-0.9463,0.7864,0.3118,0.5362,1.6181
1.7989,0.5155,0.5670,-0.1185,0.5350
-1.9114,1.5997,-1.1277,0.5157,-2.0065
0.4600,0.8394,-0.1134,0.1129,1.6877
1.2410,-1.2308,0.6024,-0.3687,0.7775
0.0643,2.6568,-1.3120,-0.3449,-0.3359
-0.2217,-0.0886,0.5144,-0.9456,2.1268
0.0296,-0.2793,0.7153,1.4779,-1.1172
1.3689,2.9881,-1.4930,-0.5724,0.4757
0.5486,-0.2815,0.9480,-0.7474,-0.1906
-1.4212,-0.9338,0.4394,-0.0874,-1.7797
0.3483,0.2076,0.1022,-1.1689,0.9239
0.4751,-0.2471,-0.9970,-1.4179,-0.2928
-0.0212,0.5432,-0.6446,1.2374,-0.9066
-0.7108,0.8458,-0.2113,1.0071,0.8986
0.4113,-1.0674,0.1000,-0.2984,1.5526
0.0621,1.1974,1.3701,-0.6335,-0.6421
0.2492,1.4545,0.6041,0.3354,0.5451
-0.5028,-1.3408,0.2160,-0.4251,1.7456
-1.4676,1.1755,-0.4588,-1.1279,-1.6674
0.9682,1.4773,-0.3064,-0.4626,0.1508
0.0193,-0.8986,-0.4867,-0.8736,-0.4444
0.2900,0.4950,1.2668,2.0133,-0.4096
1.2790,-0.2031,0.5089,0.7482,-0.7277
1.0095,-0.2618,0.0936,0.1887,-0.3769
-1.0825,1.0019,-1.2876,0.4903,-1.4336
-0.7483,0.9602,-0.5397,-0.2084,0.9398
1.0841,-0.3439,-0.1263,0.6484,1.3896
-1.0804,1.8364,-0.8151,0.0418,-0.2463
-0.5618,0.4319,0.5207,-0.0774,1.9698
-0.0449,-0.1206,1.0264,-1.0413,2.1653
0.1530,2.6248,-1.4326,-0.5520,0.5562
0.7258,-0.9070,0.4301,-0.3103,0.7493
-1.4575,-1.0605,-0.2304,-0.2017,-0.0509
-0.0913,2.5380,0.1848,0.3807,0.5901
0.5826,-1.2483,0.6711,-0.8020,-0.1018
0.1620,-0.2559,-0.0933,0.4643,-0.8511
0.1903,1.3911,0.5767,-0.5931,1.3614
-1.4795,0.3696,0.2405,0.2920,-1.0132
-0.6552,-0.2768,0.0267,-0.2973,-0.9796
1.3417,0.0705,-0.3120,-0.3276,0.0854
0.2992,2.4397,-0.0794,-0.1612,-0.7970
0.7925,-0.8446,-0.8849,1.6152,0.5413
-0.4716,-0.5667,-0.9487,0.9477,0.3778
0.4651,1.7580,-0.2212,0.1842,0.6293
1.2675,-0.7564,1.4485,-0.1206,-0.2611
-1.2503,-0.4591,-0.0056,-1.4954,-0.2640
0.1495,1.0794,-0.0414,0.6803,-0.0012
0.8234,-0.2366,-1.8114,-0.7975,-0.6075
0.0585,0.9798,-0.2027,0.4692,-1.5825
0.0863,-1.9132,2.3722,0.1345,0.3395
0.3684,0.3393,1.5207,-1.1740,0.0725
0.8223,-0.1244,0.0618,-0.3352,0.1555
-1.5342,-1.3596,-1.3925,0.8299,-0.8930
-0.1670,-0.6113,-0.5969,-0.7711,-0.0741
-0.1381,-0.0232,-1.1689,1.4028,-0.1930
-0.2291,0.1415,0.0963,-0.5071,-1.9087
0.8009,-1.8252,1.0437,-0.0905,0.1839
-0.2266,-1.2657,-0.1073,0.2127,-0.6403
-0.3455,1.3934,0.5776,0.2077,0.2003
0.1733,-0.8599,-0.2838,-0.3667,-2.1404
0.5637,1.5942,0.4867,0.5146,-1.1523
-0.7856,-1.3757,-0.0331,0.5672,0.6627
0.5018,-0.4798,-0.9966,1.6215,-0.9073
-1.3074,2.2922,-0.5947,-0.1313,-0.9220
1.3574,-1.5993,-0.8724,-0.4326,-0.0448
0.3256,0.6077,2.0071,1.1943,-1.3213
0.3734,1.7688,1.0656,-1.2396,1.0989
-1.5612,-0.0057,-0.7447,0.9971,1.1248
0.4590,2.0752,-0.5156,-0.5412,-2.7972
-0.5385,1.9785,-0.5212,0.8101,0.1470
2.0601,-2.6854,1.3298,-1.2948,0.4847
-0.0122,-0.4790,1.8727,0.4769,-1.4524
-0.2109,2.0476,0.4797,0.4678,0.3656
1.2393,-0.8705,0.1927,-0.8245,-0.0145
-1.6853,-0.0951,-0.4548,0.9632,-0.4129
1.7994,-0.4933,-1.7110,0.3908,0.7667
-0.0730,-0.4630,-0.3109,-0.1682,-1.8154
-0.1431,-1.2064,0.7255,-1.5433,-1.1406
0.1414,-1.3188,-0.1825,2.5909,0.1349
-0.3828,-0.7160,-0.6286,-1.4537,0.0044
-1.3670,-0.1712,-0.7907,-0.0498,0.5188
0.5133,-0.5994,0.1996,2.0004,-1.0751
-0.7773,-0.9093,0.3981,0.4734,0.8476
0.2906,0.2897,-0.2096,0.9863,0.1241
0.1243,-2.1005,0.5630,-2.1560,1.0985
-1.1118,-0.4443,0.9668,0.5209,-0.3854
-0.4298,-0.2412,0.2383,-0.1343,0.4500
-0.1040,-0.0176,0.1896,-0.9213,-0.0168
-0.9234,0.2504,-0.8460,-0.3660,-0.5067
-0.1308,-0.2756,0.2058,-0.1650,1.1197
-0.7064,0.2336,0.3103,-0.5665,-0.5136
-1.3533,-0.2496,-1.4316,-1.1138,-1.8521
1.0152,-0.2441,-1.6635,0.7862,-1.2921
-1.2049,-0.4737,-2.0837,-1.8301,-0.3164
0.0918,0.0115,-0.1029,1.0686,-0.3353
1.5690,0.0009,-0.5767,-0.6916,0.8354
1.4227,0.6341,0.2389,-0.1137,1.2923
0.3409,0.8439,0.3627,0.0692,1.4056
0.9101,-0.3596,0.3167,1.0323,0.5712
-0.4666,-1.3120,-0.7892,0.3289,-0.9846
-0.9426,0.3521,-2.2316,-0.8100,-1.2430
-0.8474,0.1847,0.2839,-0.8770,0.1497
-0.1658,0.9440,0.4419,-1.0495,-0.0352
0.6435,0.5807,0.7404,0.9837,1.1516
0.3276,-0.6899,0.9509,2.0596,-0.2558
-0.7008,-1.2636,-1.0440,-1.7761,-0.7656
0.7277,-0.4754,-1.2316,0.4076,-0.6775
0.4444,-0.2666,0.2279,-1.3574,0.5204
0.2535,-0.7651,-0.5050,-1.3842,-1.2915
1.3597,0.8717,-1.9225,-0.5951,-0.8176
-0.3862,0.1339,-0.4896,-0.5565,-0.4607
1.0622,-0.3234,1.9760,1.4872,0.2637
-0.0749,0.0829,0.0210,-0.6381,0.0132
0.7584,-0.7608,-1.3923,0.2969,0.4482
-0.0170,-0.8444,0.0816,0.3180,-0.2081
-1.7886,1.7392,0.3136,-0.3363,-0.3299
0.2240,0.5804,0.8540,1.6037,0.8990
0.3831,1.0159,-0.2485,0.2294,-0.9702
-0.0456,-1.2230,0.9690,1.0486,0.0821
-0.0499,-0.1466,1.4164,-1.4595,0.7325
-1.3560,-0.3440,0.5370,0.9304,0.5494
-1.4049,0.9506,-0.3092,-1.2623,0.2667
1.0647,1.0656,1.4106,2.2006,0.6274
2.0849,-0.6645,0.0611,-0.9322,-0.0154
0.9001,-0.9033,0.1462,0.3448,-0.5101
0.2477,1.0498,-1.0674,0.3709,-0.0015
1.0884,0.6514,1.2847,2.3123,0.2121
0.0131,-0.2031,-0.4090,-1.7345,0.3085
1.1873,0.5765,-0.8075,1.5103,-0.7276
0.3236,-0.7492,-0.4117,-2.1699,-0.5787
0.1578,-0.2352,1.1586,0.7493,-1.5362
0.5809,-0.2899,-1.8406,-0.0294,0.4746
-0.3485,0.9173,0.5048,0.2470,-0.2443
0.7519,-1.4521,-2.2171,-1.1823,-0.7150
0.0357,-1.0360,-0.0163,-1.3366,1.2991
0.1006,-0.4639,0.2004,0.5091,-0.1955
-1.8743,-0.0437,-0.2791,-0.5970,0.0425
0.9939,-0.0474,-0.4183,-1.1484,0.6360
1.7858,-0.1236,-0.2419,0.7903,-0.6174
0.0347,-0.8530,0.5581,0.0435,0.4537
-1.4792,0.4418,0.1046,-0.5677,0.9804
-0.5060,-0.1143,-1.3947,-0.1863,0.2811
0.2396,-0.6044,-0.9609,-0.7922,-1.2864
-1.6512,0.1066,-0.6768,1.2965,0.5013
0.1228,1.3099,0.0902,1.1977,-0.1309
-0.0452,0.9690,-0.5549,0.7503,0.3664
0.2067,0.1161,-0.8363,-1.4727,-0.9961
-0.5688,-0.5813,0.7591,0.8157,-0.0957
0.0467,-0.9763,0.6408,-0.6202,-0.0749
-1.5404,-0.0623,0.2307,-0.9794,-0.1448
-1.0661,0.0671,-1.3895,0.1455,0.2710
-0.0991,-0.8305,0.0364,-0.4170,-0.0399
0.6958,0.7524,-0.6348,0.7489,0.2204
0.4006,-0.5859,0.7165,-0.2146,0.7077
0.6672,1.7017,-0.8473,0.3703,0.4264
1.1794,-1.9193,0.4245,1.1772,0.3668
0.5252,0.8984,1.2269,-2.6209,0.7042
-0.6917,-0.1730,0.5391,2.6676,-0.3371
1.3949,0.1341,-1.1740,-1.1236,0.6137
-0.0587,-0.1307,-0.2072,0.3890,-1.8002
-0.2485,-0.9293,-0.8170,-0.7472,-0.8894
1.0424,-1.3129,0.5042,0.8606,0.6016
-1.8911,-0.6852,0.0583,-1.2025,-0.1674
-0.5184,0.7825,-0.7308,-0.3963,2.4890
0.7738,-0.1510,1.4821,0.7318,0.6671
-0.6302,0.4721,1.1253,0.1381,1.2042
0.1075,-0.4434,1.9958,0.2634,1.4888
0.1315,0.4767,-0.5865,-0.4961,-1.4269
-1.4817,-1.0319,-0.8771,0.0800,-0.6574
2.0366,0.1633,-1.7325,-1.6830,-1.8676
-0.3112,-0.9547,-0.3741,0.2228,0.7417
-0.2751,0.5077,0.2856,-0.3098,1.1842
-0.7905,0.0786,2.6132,1.2802,2.1242
-0.8674,1.9362,0.2787,-1.0124,0.5247
-1.8754,-0.1849,-0.5309,0.6301,-0.3831
0.7374,-0.3621,-1.4993,0.3655,-1.4250
0.2722,-0.1327,-1.0035,0.2158,0.3856
0.3617,0.2605,-0.5712,-0.5395,-1.2494
0.0853,-0.8871,-1.5100,-0.4844,-1.2475
0.0529,-0.5777,-1.1382,-0.5759,-0.8782
0.1997,-0.9374,1.4634,-0.1735,-0.9683
-0.6717,0.8816,-0.2806,0.6448,0.8314
0.8013,-0.2769,2.2771,0.2502,0.7875
-0.1816,0.9457,-1.4764,-1.2342,-1.0025
0.1724,-0.6136,-1.1214,1.4899,-2.7181
-0.3716,-1.0480,-2.6270,-1.3936,-0.4657
-0.1203,-1.2145,-0.5459,1.4743,-0.5610
-0.2623,-0.3616,0.0503,-0.7954,1.1448
-0.7090,-0.0042,1.7724,-0.3722,1.1009
0.9046,-0.1479,0.3382,0.7813,0.6984
0.6849,0.0163,0.5215,-0.4865,0.7209
-0.7117,0.8190,-0.6200,1.0379,-1.8157
0.1081,-0.6885,-1.1137,-2.3039,-0.6299
-0.1565,0.6017,-0.2899,0.1896,-0.7319
-0.8625,-0.9955,0.0111,-0.3630,1.3557
0.4717,-0.4253,0.4497,-0.1578,1.4989
-1.0168,0.4005,0.1846,-0.0947,-0.7183
-0.8239,1.4609,1.5610,0.1311,1.3836
-0.4761,-0.0821,-1.2403,0.2068,-0.1941
-0.1422,0.7222,-0.5268,-0.2416,-0.3291
-0.4114,-0.3600,-0.9774,0.5243,-0.4272
-1.3730,0.9540,0.4814,1.6711,0.9296
0.1523,0.9861,-0.5494,-0.8937,1.1098
1.1840,0.7523,0.8067,1.9533,-0.5987
1.2091,-0.0665,-0.4261,-0.8284,0.7485
1.1509,0.4186,0.6267,1.2700,0.5119
-1.0725,-1.7164,0.5111,1.2100,1.3333
0.4842,1.1033,1.5424,-0.2075,-0.2030
-1.4918,0.0524,-0.9477,0.7353,-0.5599
0.1997,0.5621,0.9527,1.0973,-0.5295
-0.3087,-0.7239,-0.9740,0.1425,-1.9724
0.7754,-0.3114,-0.8306,-0.5000,-1.4475
-0.4084,-0.1752,0.0648,0.0200,1.0826
0.1603,1.3768,-0.8422,1.2179,0.1974
-0.2399,0.4087,0.0329,1.2336,0.5391
2.4853,1.5086,0.8342,-0.2435,0.8976
0.2063,-0.4664,-0.2706,1.5040,-0.5448
1.4319,-0.8956,0.6142,-0.0367,1.1451
0.2840,-0.4186,0.7800,-0.6371,-0.3792
0.3371,-1.6396,-0.1451,-0.1546,0.0170
-1.7331,0.5449,0.8206,0.1929,0.3984
-1.8330,0.0962,0.0790,0.3840,-0.8365
0.1375,0.0320,0.7115,-1.2059,1.0861
0.2371,0.0990,0.3442,0.9733,0.6276
0.0680,-0.9145,-0.6546,-0.0655,1.0392
0.4309,0.8799,0.2289,0.6774,-0.4131
-0.7134,1.4222,-1.3737,-0.3980,0.2911
-0.2875,-0.2760,0.4266,-0.6032,0.0968
0.6302,-1.0200,-1.0420,0.1496,-0.5343
-0.8059,0.2654,0.9023,-0.6259,1.0500
-1.0109,0.4793,0.5741,1.5855,0.0228
-0.1288,-0.6032,0.5157,-0.5631,-0.5964
0.3767,-0.2759,-0.5444,0.1325,0.7031
-0.2406,-0.7201,-2.8801,0.7836,-2.7356
-0.5549,-1.5427,0.2409,-1.4700,-0.3692
-0.0336,0.1052,0.7702,1.9146,0.3547
-0.5162,-0.3868,-0.7327,0.4315,-0.3733
0.3044,-0.1152,0.4450,-0.9198,0.8101
-1.5748,1.1212,1.1558,2.2586,1.0486
-1.0260,-1.6709,0.7263,0.5430,0.3924
1.0604,1.3595,1.1301,0.8167,0.8108
0.1504,1.3490,0.6359,1.5888,-0.6762
0.1023,0.3877,-0.2043,-0.4501,-1.9590
0.7770,0.6997,-0.5384,-0.6441,-0.7696
-0.3799,-0.1870,-0.2787,0.5565,-1.0849
0.3716,-0.0186,-0.1973,0.7300,-0.8458
-0.1151,1.5409,-1.1244,-0.8437,1.3434
-0.0732,-0.7471,0.9986,2.1915,-0.9785
0.8996,-0.2349,-1.9795,-2.4436,0.2228
-0.8582,-0.9558,1.5101,1.1213,0.6203
-0.0377,1.5430,1.2890,0.1540,0.3168
-0.5827,0.0537,2.9502,0.8695,1.5668
0.3084,-0.5241,-0.1260,-0.4149,-1.4869
0.6634,-1.1941,0.1289,0.9957,0.7561
-0.3486,0.0372,-1.8539,-1.9756,-0.7079
-0.6149,0.0029,0.2283,-0.3763,-0.3133
-0.1715,1.1223,-0.8097,-1.6792,0.5316
0.2499,0.4189,3.7997,0.0344,1.0225
0.1626,1.0101,-1.2018,-0.8856,0.7891
-1.3142,0.0244,0.7089,1.1798,0.5136
1.5965,-1.9687,-1.2941,-1.4208,0.2446
0.8549,0.2008,1.6193,1.0799,-0.7583
-1.8158,-0.0061,-0.7881,-1.0326,0.0675
-0.8572,1.0729,1.2528,0.1509,-0.4659
0.1645,0.0693,-1.3389,-0.2156,-1.5547
-0.1175,-1.1432,-0.4473,1.0711,-0.5047
-0.6100,-0.2382,-2.0501,-1.3581,1.0424
0.0311,0.4193,1.8456,3.0054,1.2921
-0.2188,0.2718,-0.4518,-0.9252,0.9980
-0.4801,1.4133,1.6183,0.5835,-0.1346
-1.2327,-1.0636,-2.0073,-1.4584,-0.3072
0.8482,-0.7998,-0.3328,1.3976,-0.5810
0.4402,0.4396,0.8479,-0.1214,1.2487
0.6791,-0.0038,2.3533,0.3816,1.3730
-1.4495,0.8887,-0.5896,-0.9110,-0.9566
0.7990,0.1291,0.4977,0.1608,1.3403
1.7318,0.2073,0.9987,1.2481,0.9954
0.6759,-0.9518,0.2589,-0.8173,-0.5742
-0.3551,0.1093,-1.8384,-0.4109,-0.5238
-1.5112,-0.5562,-0.5541,-0.6085,-2.0034
-0.7385,-0.7562,-0.1494,0.3096,-0.3652
-0.6533,-0.7058,0.1470,-0.3991,-0.0568
0.1911,-1.2008,-0.0628,0.3031,0.8811
-0.3062,0.4323,-0.1690,-0.2115,0.8271
-0.9208,-0.2910,1.5828,0.9282,0.5953
0.8838,0.2920,0.3178,-0.0132,-1.4923
-0.7710,-1.7449,0.3613,0.6231,0.4650
1.2651,0.5551,2.1793,-0.6864,0.3300
-1.5087,-0.0892,-3.2281,0.1943,-0.0563
-0.2444,-0.4445,-0.9286,0.0792,0.7375
0.1786,0.1458,0.8516,0.3120,0.2820
0.9571,-0.3563,1.6436,1.1905,0.5423
0.4426,-0.6036,0.6507,1.0597,0.3157
0.7100,-0.9632,0.2100,0.9556,0.0964
0.8044,-1.0699,0.5069,0.1591,-0.8500
-1.1444,-0.8903,0.3485,0.6099,0.0731
-0.0374,-0.7320,1.3204,0.1540,1.2579
0.6204,-0.3980,-0.8959,0.8167,-0.2238
1.1242,0.6847,-0.4736,0.5488,0.2376
0.7747,-0.2032,-0.0617,1.0563,-0.7236
-0.8278,-0.5588,-0.7783,0.0489,-0.4218
-1.7832,-0.1320,-1.4819,0.7774,-0.8853
-0.2576,0.0581,-0.2889,0.0579,-1.2568
-0.5512,0.2863,0.1523,-0.3736,0.8019
0.5556,1.6098,0.6346,-1.1775,0.2808
-1.5506,-0.5280,-0.5185,-0.2119,0.0600
-0.9636,-1.5473,-0.1039,0.7642,0.5051
-0.1981,-0.1580,-0.7701,0.0126,-0.9157
-0.1707,-1.3786,-1.4934,0.2475,-1.4609
-0.2515,0.2491,0.1372,-0.3883,-0.0194
0.8797,0.0747,2.2914,-0.5395,1.4796
-0.3724,0.2203,0.7086,-1.3991,0.1811
0.1262,-0.4244,-0.8816,-0.7657,-0.8087
-1.2243,-0.4296,0.4527,-0.3903,-0.3628
-0.0806,-0.6874,-1.0372,-0.4218,-0.9799
1.3295,0.2094,-0.1448,0.7321,-0.8252
-0.6317,-0.4193,1.9491,-0.3313,-0.0395
-0.0777,0.7507,-0.0327,-0.1356,1.1104
-1.2253,-1.7136,-0.7127,0.6973,-0.4729
1.4004,-0.1760,0.0271,0.3433,-0.1748
0.7428,-0.1199,0.3091,1.3766,1.1685
0.0763,-0.7783,1.2723,-0.4299,0.8728
-0.5084,0.6842,-0.3870,0.5310,0.5729
-0.1380,1.2146,-0.4937,0.5018,0.3115
-0.0564,-0.6233,-0.6965,-0.5654,-0.9364
-0.2386,0.5438,0.0596,0.0625,0.7681
-0.9946,-0.0256,1.4165,0.6745,0.4475
-0.6495,0.9816,-0.3832,0.5570,-0.4130
0.0938,0.4771,-0.5367,-0.0931,0.7319
0.7934,-0.2202,0.4711,-0.1815,-0.6854
0.1572,-0.8967,-0.4893,-0.1720,-0.5807
0.0102,-0.4478,-0.1169,-0.1724,0.9130
-0.8979,0.1984,0.7657,-0.4217,-0.3779
-0.6456,0.3181,-0.9462,-1.7910,0.0342
0.8543,-0.8261,-0.8328,-1.6857,-1.0296
1.3546,0.3841,0.2127,-0.6477,-1.0709
-1.0384,-0.9855,1.2491,-0.8856,-0.4194
-0.5217,0.3740,1.4213,0.7150,0.6608
0.4258,-0.0045,1.3636,-0.0926,-0.4931
0.1744,0.5036,-0.8064,-2.3359,-0.8755
-1.3113,-0.4067,-2.9622,-0.8123,-0.1413
0.0748,0.4325,1.6323,-1.0012,-0.6952
0.6639,0.6907,1.1963,-1.4967,0.6980
1.4131,-1.7920,1.0704,0.3835,0.4298
0.5677,-2.2825,-0.0457,-0.0061,0.7150
-0.1576,-0.0064,0.7690,0.2785,-0.3705
1.1886,0.6161,0.2552,0.9824,0.4211
0.2001,-0.1868,-0.6520,-0.2504,-0.4648
0.2175,0.3595,-0.2953,1.4980,0.3499
-0.8924,0.0144,-0.6287,1.7621,-0.3366
-0.0284,-0.3358,-2.0681,-0.7480,-1.1386
0.7679,-0.9907,-2.0250,0.6699,-0.7698
-1.1732,-1.2748,1.8509,0.1628,-0.0492
-0.0301,0.6465,1.9575,-0.5294,1.0713
0.5923,0.2273,0.8096,1.4824,0.5795
-0.3528,-0.7229,-0.2472,0.3684,-0.3104
-0.6386,-0.9367,-1.6093,-0.8009,-0.6475
0.4942,-1.0965,-0.0479,-0.5823,0.1495
0.6788,-0.0613,0.4467,-0.5052,1.0957
-0.0155,0.3377,1.5478,-0.4894,1.7431
0.4205,0.4921,0.6148,-0.7985,-0.3548
0.7902,-0.3771,-0.8549,-1.5217,1.0193
0.3640,-0.2794,0.3148,-0.3899,-0.4544
-0.8505,-0.1636,0.3274,0.6428,0.2829
0.8294,-0.0286,0.2560,0.0718,1.1474
1.0375,0.1014,0.4664,0.9089,0.7497
0.6396,-0.5591,-0.8084,0.8203,0.4960
-1.2290,0.1558,0.8916,0.2302,-0.3505
0.5324,1.1888,-0.4597,0.5286,-0.2458
-1.0431,-0.3140,-0.6799,0.0512,-1.4307
-0.2386,0.4638,-1.5748,-0.3117,0.0790
-0.1451,-0.2896,0.0032,0.4722,-0.5677
-0.7018,0.4954,-1.3587,-0.4482,-0.0560
1.1675,0.5844,-1.0620,-0.2634,0.7643
0.3585,1.0954,1.2100,0.7350,0.1287
0.8410,1.0900,1.0799,-0.7581,1.5220
0.1022,-0.7285,-0.7347,-1.4375,-0.9835
-1.8214,0.1173,-0.4691,0.6961,-1.3100
-0.3924,0.9964,-1.1670,0.2883,-0.6357
-0.0113,0.8220,-1.2376,0.7031,-0.7964
0.7304,-0.2436,0.9357,0.1389,1.0168
-0.0449,0.0513,1.5333,0.1906,1.3195
0.8282,-0.5633,1.2961,-1.1155,0.3203
0.0816,0.1392,-0.8058,-0.0576,0.1707
-0.6842,0.1978,-0.1649,0.2172,-0.9488
0.5607,0.8023,0.7816,0.6993,-1.4102
-0.6657,-0.1590,-1.1736,-0.6733,-0.4454
-1.2591,-0.5823,-2.3052,1.1917,-0.1002
-0.2532,-0.2394,1.9048,1.2062,1.5924
-0.6421,1.0385,1.5064,-0.3720,0.7416
-0.7789,-0.5462,-1.0962,-0.1584,-1.4629
0.7223,-0.9969,0.0430,0.5012,-0.2597
-0.8451,-0.0450,0.0931,1.2072,-0.3834
1.0825,-0.3974,-0.6244,-0.5100,-0.2367
-0.2320,-0.5909,-0.0477,1.0041,0.6861
0.6972,-0.0155,1.6839,-0.0732,1.4545
0.3615,0.0113,-0.4060,-0.8496,-0.2257
0.1484,0.9915,-0.6157,0.6345,0.6407
-0.7303,-0.6366,0.6116,0.2299,-1.1571
-0.3214,1.3767,0.6642,-0.5400,0.8177
-0.0264,-0.6211,-1.2832,0.6031,-0.3491
0.1142,0.7328,-1.4896,0.1186,-0.6096
0.3910,0.5699,0.7629,0.5167,1.7451
0.7298,0.4382,0.6969,-1.1941,-0.9908
-1.5416,-0.1097,-1.0995,0.2051,0.3009
0.5001,-0.2944,-1.2344,1.1879,-1.1854
-0.6640,-0.4444,0.3764,0.1846,0.2873
1.0234,0.1226,1.4308,-0.0041,1.1682
-1.3919,-0.5065,-0.6769,-0.1720,-0.5850
-0.1261,0.2759,0.9146,-0.8989,-0.0448
0.1377,0.1670,1.9620,0.4400,0.6025
0.9933,0.8871,0.9276,-1.1521,-1.3871
0.2241,-0.3682,-2.0492,-0.8406,-1.0809
-0.0260,-0.0673,-0.1425,-0.4678,0.1325
-0.3743,0.1746,-0.0041,0.2301,-1.2929
0.0492,-1.5076,0.1507,0.1499,0.4676
-0.0312,-0.6741,0.3197,0.0664,1.0895
-0.2913,0.9637,0.6818,0.2015,-0.7524
-0.2310,-0.0425,-1.1837,0.1792,-0.0005
1.4850,-0.7085,-0.5738,0.4608,0.1069
-1.5974,-0.0936,0.4180,-0.3000,-0.4574
-0.5448,0.2397,1.8200,-0.9365,0.7995
-0.0540,0.1979,0.0142,0.3873,0.3483
1.1566,-0.6948,0.2960,0.1687,0.7575
0.9810,0.3563,-1.5350,1.2474,0.8041
-0.3381,0.8647,0.2064,0.2340,-1.5720
0.3930,-0.3379,0.4009,-0.1938,0.1376
-0.8241,-1.3289,-0.9293,-0.5279,-0.7069
-0.5935,-0.3176,0.8542,0.9665,-0.7099
1.2389,-0.3817,0.3376,0.6494,-0.3725
0.2779,-0.4542,-1.5191,-0.5504,0.8002
-0.0209,-0.3360,-0.8323,0.5152,1.2554
-1.0039,1.1572,1.6127,0.9252,1.1852
0.0828,0.4199,-1.4070,0.6843,-0.0053
-0.7854,-0.3107,-1.2354,0.1500,0.0726
0.6126,0.0928,0.5391,0.2060,-0.8596
-0.3380,-0.7846,-0.1153,1.5935,0.3240
0.8390,-1.5200,0.3190,0.4260,-0.1765
-0.4034,0.3872,-0.7865,0.3152,0.2822
0.6097,-0.5793,0.7939,0.1209,0.1287
0.1673,0.3215,-0.2891,-0.6238,-0.5773
0.0964,-0.2972,0.0637,-0.0968,-0.0209
0.9707,0.0156,1.3203,0.2145,-0.1200
1.1167,0.0764,-0.2208,-1.0425,-0.3872
-1.8913,-0.2936,-0.4605,0.0866,0.3786
-0.2166,0.3368,-0.0360,0.0886,0.1278
-0.1331,0.1488,0.6298,-0.3203,-0.4145
-0.2904,-0.3757,0.6896,-0.2811,0.6473
0.3312,-0.4378,1.1813,-0.9603,0.7707
-2.2769,0.5092,-1.3998,0.4440,-0.5877
-0.4194,-0.2450,-0.6515,0.3866,0.3755
0.6960,-0.4757,0.1035,0.6117,-3.0035
1.0418,0.0263,0.3382,-0.1933,-0.2369
0.3816,-1.1646,0.0239,-1.0916,0.9840
-1.1877,0.0800,0.4404,0.5358,0.1517
-1.5994,-0.3394,0.8014,0.7321,-0.3906
1.7579,-0.6118,-0.3562,-0.2115,-0.7425
-0.1177,-0.5883,0.0765,0.4557,0.6189
-0.1161,-0.3939,0.0538,-0.2929,0.2337
-0.6698,-0.7187,-0.4523,0.9552,0.4011
-0.0727,0.3856,-0.8809,0.8361,0.4751
0.6436,-0.6963,0.0852,-0.4182,-0.0157
0.1027,1.2829,-0.5012,-1.0600,-0.5471
-0.4059,-0.9073,-1.2778,0.3637,0.2925
-1.2021,0.0289,-0.2165,0.0436,-0.6141
0.4273,0.4092,0.2433,-0.7560,0.1575
0.2202,-0.2143,0.6203,-0.8013,0.0003
0.4059,0.6896,0.2062,-0.6006,0.0377
-0.3883,1.0318,0.8300,0.1344,0.4875
-0.3604,-0.2378,-0.7447,-0.2309,-0.2132
-0.0141,0.0409,-0.7514,0.4431,-0.9145
0.4760,-0.2179,-0.0215,0.7671,0.2864
0.5982,0.7742,1.4041,-0.6301,0.2585
-1.3875,-0.1987,-1.4246,0.2848,-0.4621
-0.8878,0.0826,-0.2628,2.3769,-0.4608
0.4978,0.4403,-0.3510,1.4665,-0.2720
0.9014,-0.4701,-0.9313,0.6860,-0.4141
0.2188,0.8180,-0.8238,0.8429,0.3473
-0.9440,0.6276,0.7945,1.6561,-0.3604
-0.1909,0.6501,0.6819,1.0816,0.0285
0.3740,-1.0338,-1.9209,0.8398,0.1147
0.1789,-1.2433,-0.3786,-0.5578,-0.5363
-0.3451,0.2063,0.9578,0.0353,-0.4088
-0.4719,-0.0303,0.1351,0.0296,0.5704
0.5423,-0.8957,1.4531,-0.2254,-0.3971
1.5010,-0.0084,-0.5234,-1.0657,-0.2960
-0.1103,-0.7158,0.2437,-0.2694,1.6645
-1.2615,-0.6989,-0.0464,0.4884,0.1589
-0.2235,-0.5110,-1.3155,-1.1252,0.3276
-0.0901,-0.0010,0.7008,0.4636,-0.8281
-0.4177,-1.0720,0.4234,1.3432,0.3274
1.6969,-0.7483,0.5468,0.3300,1.0883
-0.9470,0.2872,1.1108,-0.5784,-3.2047
0.0410,-0.3062,-0.2186,0.6192,0.9679
0.4603,-2.8696,-0.1262,-0.4617,0.4066
-0.6536,1.4199,-1.8544,-0.8095,-1.3707
1.7932,-1.1610,0.6728,1.5266,-1.7382
-0.7387,-0.0062,0.2219,-1.4490,-0.9620
2.4982,-0.3376,-0.5142,-0.5472,1.0914
1.1097,-1.1844,1.5695,-0.5672,0.2006
-0.9570,0.7185,-0.6909,-0.3187,-0.4239
0.7340,-1.0917,-0.6469,0.0880,0.1371
-0.1949,1.5963,-1.2821,-1.2501,-1.7393
1.0548,-0.4789,-1.1125,0.8993,-0.7148
1.4960,-1.4008,-0.5646,-0.4006,0.3167
-0.1628,1.1786,-1.0283,0.2155,-0.6651
0.9651,0.3697,1.1281,-1.6788,1.1376
1.2262,0.8315,-0.9262,-1.1588,1.3701
-1.2025,0.7591,-1.0167,-0.8695,0.0207
-0.4203,-0.1395,0.8171,0.5404,0.2006
0.5919,-0.1466,0.4250,0.4534,0.1836
0.7856,0.9062,-0.5590,-0.8518,0.7104
0.5951,0.0809,0.8543,-0.9945,-0.4061
-0.8744,0.5568,0.2319,1.5865,-0.7250
0.6380,1.1644,0.3844,-0.9625,1.4152
1.0638,-1.9740,-1.2459,0.7955,-1.3537
-1.1702,0.5734,1.1322,-0.5235,0.0028
0.3274,-0.1072,1.0944,-0.8613,0.9070
-0.3949,0.2096,-0.0635,0.8193,-0.6524
-1.1136,2.4094,-0.3956,-1.6868,0.7698
-0.1165,-1.7995,0.7002,2.5534,1.5710
-1.5033,-0.6362,-0.2578,-0.7354,-2.0370
-1.1588,1.4414,0.5278,-1.9093,0.6517
-0.2759,-1.2363,-0.0007,1.3116,0.8905
-0.6260,0.2413,0.0539,-0.7113,0.7747
0.1365,-0.4898,-0.3694,1.2054,1.9885
0.9577,-1.8603,2.7201,1.3011,-0.2396
0.0546,1.2321,-0.8349,-0.1917,-0.6225
-0.5401,0.2623,-1.1589,1.2187,-0.9787
-0.8968,-1.7956,-0.8468,0.3728,0.4677
0.6878,0.7116,-0.2937,-2.0761,0.0321
0.8552,-0.1874,-0.5910,0.1493,-0.3843
0.1904,-1.2656,1.6058,-0.6497,0.9014
-2.3167,-0.3470,-0.4276,-0.6898,-0.7224
0.2408,0.2813,0.2402,1.6186,-1.5838
0.7949,-0.5148,-0.9376,-0.2814,-0.1016
0.3839,-0.4081,-0.1294,0.4561,-0.6664
-0.2762,-1.6934,1.7837,0.1065,0.0395
-0.5102,-1.7664,0.7660,-0.9995,-0.4043
0.0635,0.2623,0.9515,1.3158,-2.2740
-0.3854,0.0607,0.5238,-0.3472,-0.2481
0.8646,-1.9188,-0.6745,-0.4386,-1.4470
-0.0918,0.3162,0.5525,2.0867,-0.6691
0.1171,0.1051,-0.5106,-0.9030,-0.5828
0.2987,-0.6299,0.6647,0.3500,-1.5175
0.3757,0.0441,0.9932,-1.1153,0.7162
0.8103,0.4519,-0.2019,-0.7984,-0.2136
-0.0272,1.5471,2.0915,-0.9530,-0.3771
0.1809,0.5229,-0.8414,1.5769,0.1201
-0.2343,1.3647,-1.4422,0.1407,-1.4671
-0.4929,0.9143,-1.2418,0.6139,-0.2218
0.0517,-0.3042,0.2327,1.2270,-0.3930
0.9052,-0.2285,0.5931,0.3279,-0.1814
-0.0317,-0.5715,-1.3804,-0.2504,0.6397
2.8248,0.0081,0.4776,-0.6835,0.3288
2.0452,0.3877,0.0722,-0.6168,-0.5653
-0.3159,-0.3694,-1.1047,0.5767,-0.6890
-0.1458,1.1660,-0.1547,-2.0799,0.6321
1.8815,0.1332,-0.8321,-0.5643,0.2037
0.2483,0.9520,-1.6817,-0.4686,-0.0958
-0.2140,0.4333,-1.1528,-0.1626,0.1856
-0.7944,0.3094,-0.8617,-0.3208,1.3375
-0.7784,0.5541,-0.0517,-0.4404,0.9961
0.6882,0.6742,-0.2246,0.1821,1.9930
0.8724,0.5871,0.5689,-0.0912,2.5872
-1.0652,0.6553,-0.8152,-0.6480,1.2876
-0.7235,1.1171,-0.4304,0.9480,-0.8911
1.4998,-0.0457,0.1457,-0.5824,0.9774
1.9391,-0.0688,-0.9291,2.2467,-1.2555
0.8626,0.5267,0.0982,-0.4998,-0.4556
1.5444,-0.6106,0.1713,1.3708,-0.2711
0.7574,-0.1263,0.8772,-1.3596,-0.3053
1.6106,0.4763,-1.0118,-0.1208,-0.7674
0.5246,0.1383,-0.4355,-0.5534,-0.2151
0.7724,0.9445,-0.2573,1.3426,-0.5263
2.3778,0.2741,-1.4378,-0.9682,0.8648
0.6902,-1.9492,-0.9813,0.0570,-1.7778
-1.9520,0.9805,0.5943,-0.4888,0.2152
1.0477,-1.0852,1.2428,-1.0926,0.5398
-0.5138,-1.4184,-1.5618,-0.0633,0.0887
-0.8426,-0.4172,-1.4883,-1.0639,0.1345
-0.3855,-2.3792,-0.2870,1.4218,-0.1418
0.3384,0.2085,-1.9175,-1.5191,-1.3217
0.6655,0.0035,-0.1979,0.1434,0.0733
0.8304,-1.0992,-0.7118,1.0167,-1.8226
0.5828,1.0928,-0.9480,-0.4600,0.4745
0.9117,0.1908,0.4820,0.2246,-0.9741
-0.4265,0.5298,0.1249,-0.5653,-0.1735
0.7690,0.9462,0.1771,0.7467,-0.9012
0.9474,-1.5363,0.3329,-0.4576,-1.4241
0.7675,0.6439,0.0495,-0.2200,0.2469
0.9074,0.6275,1.7461,-0.7648,-0.5619
-0.4717,-0.0697,-0.0924,0.2860,-1.2581
-0.1169,1.3133,-1.7576,-0.1038,-0.5959
-1.2587,0.1572,-1.4260,-0.5811,-0.0185
1.3762,-0.0588,-0.8004,1.1092,-0.6932
1.0603,-0.6731,-0.2150,-1.3159,0.4630
-0.0300,1.6442,0.3575,-1.1445,0.3134
1.2942,-0.6138,2.5574,1.2283,0.3836
-1.4950,0.6290,-0.2107,-0.1772,0.0292
0.2221,0.1956,-0.7634,1.0181,0.1120
-1.3489,-0.4443,-0.4253,0.6123,-0.7606
-0.0602,1.3355,-0.4194,-0.2691,0.4239
1.5141,0.1517,0.8205,0.5766,0.5848
1.1328,-0.2424,0.0738,0.7383,0.0606
-0.0839,0.2173,1.2739,0.0708,0.4892
0.1760,0.1955,0.6750,0.7605,-0.0797
0.7314,1.7013,-0.2515,-0.8136,-0.4655
0.1340,-0.1523,0.3471,1.0278,-0.5652
-0.2643,1.1409,0.2719,0.9899,0.9989
0.5449,0.2372,1.1735,-1.1720,0.5207
0.2694,1.0255,-0.3273,0.2881,0.6469
0.6445,1.1798,-0.1335,-1.1354,-0.9393
-0.2747,0.0245,-0.5419,0.9098,-1.0225
1.7736,-0.1588,0.3758,0.5936,0.2444
-0.6755,0.3335,-0.0280,-0.9814,0.6259
-0.9327,1.3058,-0.1336,-0.3223,-2.2385
-1.9847,1.5037,-0.8797,-0.0631,-1.2022
1.8721,-0.1295,-1.5666,-0.9523,0.5176
-0.0610,1.3883,-0.2735,1.1983,-0.7424
0.9315,-0.7042,0.0895,1.1459,0.5065
1.2928,-0.9752,1.3571,0.6691,1.5276
0.2751,0.4043,-1.2646,-0.4465,-0.5551
0.1508,0.0710,0.0410,1.0846,-0.0222
-0.5159,-0.1224,-0.3807,-0.6456,0.8632
-0.0675,0.2014,-1.3419,0.6902,0.1795
0.2925,1.6822,0.7728,-0.3284,0.5556
-0.3583,-0.0354,0.7590,0.8164,0.9826
1.3494,-0.3509,0.3817,-0.9076,-0.6264
-0.3202,0.8755,1.0040,0.0735,-0.6967
0.4193,0.6598,0.6408,-0.3909,-0.9205
-0.4619,-1.3777,-0.7945,-1.1377,0.9775
-0.9762,-0.2799,-1.3408,0.5159,-1.3146
0.4464,2.2416,0.3052,0.4933,-0.2529
3.1111,0.6759,-1.4152,-1.9827,-0.1326
0.7236,1.0878,0.0639,1.5024,0.4741
0.5589,1.2290,1.9905,-0.6641,-1.2747
1.6917,0.7381,-0.7291,0.8759,-0.5864
-0.4459,1.8158,-0.9869,-0.4365,-0.5052
-0.2022,0.0655,-0.6432,0.0467,2.0725
0.2771,0.3754,0.4183,1.0013,-0.8472
0.1400,1.5308,-1.0066,-2.6859,1.4838
1.7000,-1.2525,0.4999,0.2061,1.2318
-1.8803,0.7559,-0.8019,-0.3945,-0.0358
-1.0121,3.0052,-1.0086,-1.4706,1.4403
0.2485,0.0331,0.1946,1.4645,0.3574
-0.9548,1.4627,-0.2945,-1.0511,1.1044
0.6755,1.4983,-0.8842,0.9246,1.9629
0.4733,-0.2869,0.7103,0.9123,-0.6720
-0.8513,1.4757,0.0576,-1.6556,2.0582
0.4641,-1.2542,0.5516,0.4694,1.2909
-0.0119,0.8418,-1.6247,0.0147,-1.9724
0.6034,-0.0405,-2.0911,0.0417,-0.1206
0.7139,-1.1912,0.2039,0.4669,-1.0436
0.5737,0.9619,-0.0449,-0.4411,1.2492
-0.2503,0.6662,-1.2005,-1.1521,1.0820
0.2905,1.6583,1.2737,0.1422,0.5300
0.2340,1.9206,-0.2650,-0.8550,0.8307
1.4260,-0.2441,-0.8912,1.1717,0.2546
-1.3814,-0.0081,0.5849,-1.0084,-0.7095
-0.4808,-0.0169,-0.1495,1.1412,0.0269
1.1958,-1.7635,-1.4590,0.0958,-0.5721
-1.2259,0.1570,-0.3013,-0.5603,-1.0915
1.6578,-0.4226,0.9192,0.1361,1.3304
-0.3403,-2.2296,0.0259,1.2361,-0.4029
-1.4514,0.3001,0.9343,-1.4928,-0.9693
-0.1151,0.0883,-0.0560,-0.1864,-0.1639
0.4862,-0.9707,-1.2594,0.9135,0.4405
0.8094,-0.7971,-0.5757,-0.8914,-1.1250
0.6614,-0.8269,-0.0558,1.1747,-0.8809
0.6549,0.0850,0.9124,0.0202,0.2732
-1.3155,0.0602,0.7005,-1.3633,2.0266
0.6603,-0.4148,-0.4397,0.2648,0.6080
-0.4954,2.2566,0.1347,0.4222,-0.8653
-0.6640,0.4144,0.7850,-0.5092,-1.3588
1.0656,-1.0634,0.5614,1.1512,0.7205
1.2401,0.4873,-1.5394,-0.3767,-0.6507
0.6737,0.7485,0.2963,0.3661,-0.3062
0.3779,-0.5305,0.4633,0.9690,1.0692
0.4766,0.1123,-1.5935,1.8532,0.2940
-0.3712,1.3605,-0.4287,-2.5113,-0.0682
-1.1072,1.2047,-0.5472,-0.7261,-0.0272
-0.2212,-0.9724,-0.1680,-0.1780,0.6257
-0.7952,0.8959,-0.7984,-1.9818,2.1410
0.5907,-0.6248,0.4685,-0.0017,0.1771
-0.6891,1.5333,0.4347,-0.3174,0.0133
0.2481,1.9624,-0.4646,0.3959,0.0806
1.7742,-0.1489,-1.4573,0.1672,-0.0747
0.3290,1.6200,0.7008,-0.9445,1.3530
1.3100,-0.0932,1.2034,2.1915,-0.2270
0.8989,-1.3383,1.5919,-0.2662,2.2210
0.8259,-0.0115,0.7776,1.3558,-0.4308
-0.6465,1.0298,-1.3448,0.9706,-0.6659
0.3573,-0.5582,0.5935,0.5933,-0.2444
-0.8150,-0.2249,-0.7141,-0.1939,-2.4279
-0.9344,-1.1959,1.3165,2.1281,0.0052
-0.3726,-0.6276,1.1893,-0.2365,0.0428
0.6690,0.7998,-1.7037,-1.0745,0.6723
-0.0205,0.1184,-0.0570,0.9875,0.4661
1.0217,-1.3565,-0.2758,-2.0065,-0.7021
0.3084,1.3033,1.5298,0.0989,0.5159
0.1867,-0.4049,0.2065,0.3203,1.1510
-1.1635,0.7406,0.6528,-0.0728,0.4169
-0.8611,-0.3900,-0.1723,0.6472,1.7711
0.7524,-1.7897,0.5852,0.2043,-0.1311
1.5525,-0.0193,-1.1568,-1.9189,-0.2286
-0.5272,0.6030,1.2569,2.1260,0.9594
0.1372,0.0212,-1.2422,-1.1815,-1.5468
1.0688,1.2744,-0.9115,-0.1346,0.4378
-0.0774,-0.5173,0.4157,0.8320,0.9282
0.7619,1.0313,2.3466,2.0519,1.2368
-0.1133,1.1251,0.6844,-0.3675,0.2765
-0.2386,-0.6001,0.1850,1.2261,-0.0515
-1.2789,0.7942,-1.3657,-1.2117,-1.2284
0.4327,0.4549,-0.7570,0.3280,0.3513
0.4440,0.8998,-0.6917,-0.6506,-1.3969
0.7801,1.0383,0.4175,1.7065,0.4782
0.0969,1.7398,0.8934,0.9623,0.6570
-0.4644,0.6917,0.3934,1.4257,-0.3863
-0.2333,1.2019,1.2116,0.2187,0.6562
0.4502,1.1853,1.2015,1.2647,-1.5066
0.2826,-0.3940,-0.8515,0.1527,-0.0728
1.8768,0.2014,-0.4239,0.2056,0.5900
0.1143,0.6300,0.1939,-0.9348,0.0537
-1.0716,-0.1588,0.5132,0.3162,0.4974
-1.1364,0.1052,0.9219,0.4618,1.3416
0.1209,-0.6159,0.6170,0.2625,0.9655
0.7972,-0.5010,-0.8656,-0.0665,-0.4651
0.5904,1.1189,1.2150,1.8196,-0.7996
0.2059,0.3856,-0.2487,-1.4235,-0.7600
-0.6400,-1.6282,-0.1526,-0.5420,-0.6725
-0.9077,-0.2779,-1.5329,1.0660,-0.9337
0.5290,0.0217,-0.5365,-1.1189,0.6900
0.5610,-1.0928,1.4153,1.8916,0.9911
-0.0256,-1.2803,0.5948,-0.0987,-0.0072
-0.3329,-0.5033,0.7181,-0.0882,1.0131
-0.4066,1.1563,0.5928,-0.3578,-0.3885
0.7805,0.2629,0.5125,1.1171,0.0805
-0.0326,1.6676,-1.1098,0.0339,-0.2828
1.4452,-1.0136,-0.0866,-0.0729,-0.6964
0.3627,1.5265,-0.4844,-0.7503,-0.0607
1.0365,0.1328,-0.0140,1.5321,-0.2147
0.8375,-0.6057,-0.5687,-0.1578,-0.0836
0.4950,-0.7417,0.1609,-1.1522,0.2572
-1.1362,0.6174,1.1075,0.8169,1.4054
-1.5424,-0.2808,1.6517,0.1543,0.9935
-0.1259,-0.7305,-0.6395,-1.0037,-0.7984
0.2346,-0.8063,-2.5819,-0.7471,-0.5683
-0.3803,-0.5415,-1.3551,0.1052,0.1842
-1.4070,-0.0717,-0.0013,-0.5829,-0.1092
-0.1626,-1.1835,1.2516,-0.0112,1.5910
0.9286,-0.3544,-0.6121,-1.1602,-0.8501
-0.0323,-0.3715,0.3680,1.3340,-1.0608
-1.3252,-0.1580,-1.3935,-0.7232,-0.2208
-0.8419,-1.1582,-0.6977,1.7846,-0.1536
-0.4288,0.7865,-0.8561,-1.6579,0.5402
0.7528,0.2879,1.7127,2.5094,0.6921
0.9710,0.6935,-0.6786,-1.5382,-0.0347
0.3017,0.4675,1.8577,1.2833,-0.4885
2.1147,0.0474,-2.4136,-0.1345,-0.2505
0.2882,-0.7341,0.8496,-0.3256,-0.3845
0.2704,-0.4457,-2.8419,-0.8974,-0.7874
-0.6244,-1.3953,0.1144,-0.5811,0.6833
-0.8441,-0.1694,-1.8038,-1.3820,0.6143
0.2410,0.5309,1.5142,1.3621,-0.2166
0.4114,0.1242,0.5249,-0.7238,-0.2102
-0.1666,0.5530,0.9016,-0.0463,0.5613
0.5207,1.7179,0.2968,0.8840,-0.1710
0.2271,0.8331,-0.3407,0.1852,-0.8541
-0.5510,-1.2130,-0.9395,0.4529,-0.5194
1.8022,-0.1471,1.0270,-0.1836,-0.9659
-2.0429,0.1226,-0.2013,-1.6538,-0.4390
0.6224,-0.4984,-0.0629,-0.5841,0.0095
-0.5701,-0.2755,0.0182,0.2321,1.3170
-0.6993,0.9336,0.0106,0.2435,1.0713
0.5250,1.2501,-0.5788,0.5507,0.5370
0.7018,0.3443,2.2824,1.7782,2.0285
0.1256,-0.2115,1.0024,0.3540,1.0495
0.6155,-0.4547,0.4781,0.2966,-0.3095
0.2463,-0.0844,-0.5543,-0.5093,0.8184
0.2539,0.3597,0.5881,0.4001,-1.1198
0.3671,-0.9478,0.1406,-0.6122,-0.8048
0.5035,0.3815,0.9873,0.4945,-0.8827
-0.4498,-0.2303,-0.0946,-0.1603,1.3384
0.0492,0.2396,1.4497,-0.0533,2.0161
-1.1956,1.2898,0.9534,1.5156,0.5381
-0.2398,0.4815,-0.7461,0.5218,-0.2447
-0.9500,-0.3201,-0.0630,0.0017,-0.4840
-0.4507,-0.2302,-0.5648,0.8914,-2.4868
-0.6269,-0.9299,0.0158,-1.2225,0.0808
0.2451,-0.9625,2.1702,0.1051,1.9088
1.2371,1.2420,0.6641,1.3869,1.4290
-0.0151,0.3348,1.1889,-1.8303,0.7587
-0.0821,0.5794,-0.7059,0.9245,1.0825
0.4786,-0.5607,0.3669,2.0601,1.2285
-0.6031,0.3803,0.5634,-1.1829,0.0150
-0.2358,-0.7305,-0.9535,0.3172,1.1505
-0.1614,0.8296,-0.1932,-0.0936,-0.3442
0.0788,-1.1083,1.1589,0.5743,-1.3499
0.3260,-0.6227,-1.7714,-1.7983,-1.5069
-2.0754,-0.4361,0.0771,0.3102,-0.6304
0.6281,-0.1768,-0.1286,-1.0465,0.0104
-3.0545,-0.3173,1.0367,-0.0908,0.7977
0.5405,0.9589,-1.1984,-0.4726,-0.1750
-0.7113,-1.2916,0.2553,0.5934,-1.2828
-0.0810,-2.1091,-1.7304,-0.4519,-0.4764
-0.9604,-0.5067,0.8032,-0.0760,-0.2513
-1.2510,-0.0175,-1.4303,-0.0269,0.5692
0.3773,0.6579,2.3524,-0.7403,1.3337
-0.9596,0.2914,-0.5780,-0.1139,0.0162
0.5704,0.2992,1.3304,0.0914,-0.0789
0.1004,0.9007,-0.6060,-0.8485,-0.2968
0.7380,1.1574,-0.6322,1.6661,-1.7313
1.2069,-2.3040,-1.2384,-0.7493,-0.5797
0.0070,0.8277,0.9952,0.8135,0.2607
-1.2285,0.1224,0.1639,-1.3669,0.3716
-2.0186,-2.7248,1.0399,1.8000,1.3324
-0.2902,-1.1156,0.2670,-0.4417,0.2529
-0.8532,0.9083,1.6897,0.2379,0.8195
-1.6793,-0.0437,-0.6406,-0.0195,0.2284
0.0592,-0.9635,0.6544,0.0941,-0.7387
-0.4390,-0.8333,-1.1179,-1.9319,-0.3208
-1.9934,-0.2448,0.4407,0.1023,0.0020
0.3658,0.1625,-0.1472,-1.0750,0.5582
-0.5313,-0.8352,2.0118,2.0346,1.6278
-0.1656,0.2857,-1.4596,-0.4410,-1.5743
0.6666,-1.3455,-1.0580,-1.7207,-1.3076
0.0709,-0.9979,-1.0304,0.0023,-0.1831
-0.3891,-0.6253,2.5719,-0.5285,-0.3358
-0.5733,0.5641,2.2402,-1.0322,1.0133
1.3686,0.7927,0.5251,2.0801,1.1351
0.3581,0.7789,0.5799,0.2376,0.3919
-0.0167,-0.2768,-0.6465,0.3645,-0.9300
0.7993,-1.3510,-0.8741,0.6265,-1.2619
-1.0872,-0.5093,0.5047,-0.5191,0.4319
0.5263,0.2663,-0.8399,-0.8917,0.2209
0.1539,-0.5647,0.4435,-1.3728,-0.1286
-0.2455,-0.1362,1.9258,-0.5791,-0.0200
0.4712,-0.5912,-0.8246,1.7263,1.1975
-0.7533,0.1405,0.4799,-1.1529,-0.4034
-0.3733,0.4253,-0.3765,0.5345,-1.0513
-0.2591,0.6139,-3.1949,-1.6922,0.4929
-0.6911,-0.9445,1.3063,2.6298,0.2385
0.2020,-0.9655,0.1835,-0.7688,1.3124
-0.7154,-0.5642,1.9986,0.7511,2.4658
-0.2852,1.0138,0.7327,1.2826,-1.1452
-0.8382,-0.8151,-2.2488,-1.6135,-0.1075
-0.4322,1.5601,-3.1549,-1.4978,-1.4186
-0.7101,0.2054,1.0044,2.2984,-1.2081
0.5963,0.1432,1.6432,-0.1551,2.0400
-0.7273,0.1225,0.2209,0.0168,-0.4815
-1.5185,0.0006,-0.5830,-0.3978,-1.1430
0.8618,-0.1760,1.3378,0.9259,1.0149
0.3303,0.3893,0.8120,0.8300,0.8506
-0.8560,0.3694,1.6445,0.6972,0.4340
1.2639,0.6602,-0.7192,-0.1999,0.3594
0.4030,0.2318,-0.4731,-0.8685,-0.3441
0.0150,-0.8004,0.1508,0.0975,0.4768
-1.0649,-0.6710,2.1881,1.0024,0.8970
-0.0721,-1.2359,0.0056,0.9669,-1.1180
0.1042,0.3085,-0.9575,-1.9538,-0.1030
-1.3666,0.2040,-0.5984,0.0310,0.3375
-0.3192,-0.1293,-0.4691,-0.5005,-0.8995
0.0076,-1.4696,-0.3257,1.5505,0.0773
-0.9690,1.1999,0.2537,-0.3336,-0.2412
-1.0244,-0.2651,-0.1272,0.7246,0.5355
-0.5456,-0.1817,0.7382,-0.2646,0.3008
1.3099,0.6010,-0.6450,1.5981,-0.5067
-0.0371,0.0872,-0.5305,0.2585,-1.0852
0.7038,-0.3911,-0.5726,0.9232,-0.7179
0.6911,0.0643,1.0551,-0.3087,0.3456
0.3056,-0.0240,1.5335,-0.6734,0.5855
-1.0400,-1.1153,1.5438,-0.1440,0.0790
-0.2298,0.1413,1.3014,1.3067,1.4429
0.3692,0.2078,0.7786,-0.6697,-1.6882
-0.4311,-0.5717,-1.4605,-1.3502,0.1455
1.2648,-0.2198,-0.1980,0.6871,-0.5841
0.6088,-0.9708,0.2410,-0.8568,0.5514
0.5287,-0.4040,1.1867,-1.5235,-0.3182
1.3675,-1.5739,0.3035,-1.6185,-0.0545
-1.8892,0.2089,-1.5952,-2.2808,0.1317
-0.0153,0.4164,-0.7484,-0.8152,-1.7623
-0.5585,0.4872,0.3361,0.2059,0.1120
0.1398,0.8860,-1.5118,-1.5395,-1.5618
0.2026,-0.9577,-0.5011,0.2616,0.0641
0.2454,1.0446,-0.3236,1.0345,1.1767
1.0251,0.9069,1.4002,0.0845,1.2183
